/*--------------------------------*- C++ -*----------------------------------*\
| =========                 |                                                 |
| \\      /  F ield         | OpenFOAM: The Open Source CFD Toolbox           |
|  \\    /   O peration     | Version:  2112                                  |
|   \\  /    A nd           | Website:  www.openfoam.com                      |
|    \\/     M anipulation  |                                                 |
\*---------------------------------------------------------------------------*/
FoamFile
{
    version     2.0;
    format      ascii;
    arch        "LSB;label=32;scalar=64";
    class       volVectorField;
    location    "0";
    object      U_nn;
}
// * * * * * * * * * * * * * * * * * * * * * * * * * * * * * * * * * * * * * //

dimensions      [0 1 -1 0 0 0 0];

internalField   nonuniform List<vector> 
2000
(
(1.07198 -0.669002 -0.0159291)
(1.07473 -0.611179 -0.0147912)
(1.07796 -0.555533 -0.0131471)
(1.08155 -0.503442 -0.011179)
(1.08523 -0.455517 -0.00904657)
(1.08868 -0.411894 -0.0068799)
(1.09163 -0.372442 -0.00477813)
(1.09389 -0.336895 -0.00281183)
(1.09536 -0.304926 -0.00102709)
(1.09599 -0.276194 0.000549848)
(1.14224 -0.669594 -0.0123707)
(1.1455 -0.614796 -0.0113776)
(1.14797 -0.56107 -0.00994962)
(1.14982 -0.509996 -0.00824611)
(1.15101 -0.46239 -0.00640778)
(1.15145 -0.418583 -0.00454966)
(1.15106 -0.378608 -0.00275924)
(1.14979 -0.342333 -0.0010982)
(1.14766 -0.309535 0.000393957)
(1.14472 -0.27995 0.00169566)
(1.2129 -0.662008 -0.00841512)
(1.21703 -0.61013 -0.00751146)
(1.21901 -0.558251 -0.0062591)
(1.21928 -0.508163 -0.00479344)
(1.21807 -0.460902 -0.00323468)
(1.21551 -0.417001 -0.00168069)
(1.21174 -0.376665 -0.000204933)
(1.20687 -0.339895 0.00114204)
(1.20105 -0.306568 0.00232932)
(1.19445 -0.276489 0.00334166)
(1.28293 -0.644053 -0.00419305)
(1.28831 -0.594882 -0.00332694)
(1.29006 -0.544706 -0.00221196)
(1.28891 -0.495537 -0.000959194)
(1.28536 -0.448647 0.000333733)
(1.27981 -0.40478 0.00158884)
(1.27259 -0.364316 0.00274951)
(1.26402 -0.327389 0.003779)
(1.25441 -0.293968 0.00465719)
(1.24403 -0.263912 0.00537684)
(1.35099 -0.613332 0.000107446)
(1.35795 -0.566495 0.00097534)
(1.3597 -0.51777 0.00198042)
(1.35723 -0.469405 0.00303654)
(1.35135 -0.422918 0.004071)
(1.34272 -0.379279 0.00502897)
(1.33194 -0.339046 0.00587401)
(1.31952 -0.302476 0.00658606)
(1.30596 -0.269607 0.007158)
(1.29166 -0.240327 0.00759204)
(1.41538 -0.567403 0.00424183)
(1.42415 -0.522332 0.0051266)
(1.42601 -0.474694 0.00602841)
(1.42224 -0.426988 0.00688674)
(1.41393 -0.381001 0.00765672)
(1.40205 -0.337936 0.00831029)
(1.38748 -0.298519 0.00883472)
(1.37099 -0.263103 0.00922938)
(1.35326 -0.231756 0.0095019)
(1.33487 -0.20434 0.00966468)
(1.47411 -0.504068 0.00792112)
(1.48475 -0.460023 0.00880205)
(1.48669 -0.413052 0.00957633)
(1.48146 -0.36593 0.0102103)
(1.47048 -0.320734 0.0106901)
(1.45506 -0.278892 0.0110182)
(1.43637 -0.241263 0.0112088)
(1.4155 -0.208232 0.0112825)
(1.39334 -0.179813 0.0112623)
(1.37066 -0.155759 0.01117)
(1.52497 -0.421821 0.0108403)
(1.53734 -0.378021 0.0116536)
(1.53914 -0.331411 0.0122401)
(1.53213 -0.285079 0.0125948)
(1.51809 -0.241389 0.0127383)
(1.49869 -0.20195 0.0127068)
(1.47549 -0.167656 0.0125428)
(1.4499 -0.138798 0.0122884)
(1.42308 -0.1152 0.01198)
(1.39601 -0.0963787 0.0116469)
(1.56579 -0.320439 0.0127251)
(1.57954 -0.276336 0.0133673)
(1.58079 -0.230215 0.0136764)
(1.57155 -0.18549 0.0136783)
(1.55397 -0.144758 0.0134306)
(1.53015 -0.109671 0.013004)
(1.5021 -0.0809693 0.0124684)
(1.47157 -0.0586328 0.0118838)
(1.44005 -0.0421055 0.011296)
(1.40869 -0.0305282 0.0107362)
(1.59457 -0.201578 0.0133923)
(1.60924 -0.157284 0.01374)
(1.60948 -0.112652 0.0136763)
(1.59758 -0.0713622 0.01326)
(1.57609 -0.0360624 0.012585)
(1.54761 -0.00817235 0.0117535)
(1.51463 0.0120403 0.0108568)
(1.47933 0.0251884 0.00996515)
(1.44347 0.0324109 0.00912635)
(1.40839 0.0350436 0.00836801)
(0.459447 -0.533731 -0.0266529)
(0.461567 -0.439168 -0.0227829)
(0.473402 -0.355227 -0.0181939)
(0.49292 -0.283127 -0.0132849)
(0.517997 -0.222791 -0.00837271)
(0.546649 -0.173365 -0.00369248)
(0.577178 -0.133594 0.000594458)
(0.608223 -0.102079 0.00438998)
(0.638771 -0.0774369 0.00764687)
(0.668123 -0.0583964 0.0103566)
(0.513193 -0.541943 -0.0270815)
(0.516333 -0.452079 -0.0234495)
(0.528403 -0.372531 -0.0191144)
(0.547468 -0.304272 -0.0144512)
(0.57153 -0.247094 -0.00975814)
(0.598749 -0.200105 -0.00525851)
(0.627559 -0.162078 -0.00110707)
(0.65672 -0.131678 0.00259963)
(0.685314 -0.107612 0.00581211)
(0.71271 -0.0886997 0.00851686)
(0.568422 -0.553764 -0.0273104)
(0.572141 -0.468326 -0.0239467)
(0.583989 -0.392696 -0.0198887)
(0.602157 -0.327682 -0.0154888)
(0.624792 -0.273011 -0.0110292)
(0.650199 -0.2278 -0.00672241)
(0.676944 -0.190881 -0.0027182)
(0.703901 -0.161005 0.000887704)
(0.73024 -0.136975 0.00404332)
(0.755396 -0.117709 0.0067303)
(0.625177 -0.568306 -0.0272891)
(0.62911 -0.487002 -0.0242161)
(0.640355 -0.414836 -0.0204543)
(0.657253 -0.352525 -0.0163345)
(0.678108 -0.299788 -0.0121239)
(0.701373 -0.255788 -0.00802563)
(0.725748 -0.21944 -0.00418484)
(0.750217 -0.189597 -0.000696655)
(0.774034 -0.165165 0.00238461)
(0.796699 -0.14516 0.00503623)
(0.683548 -0.584699 -0.026964)
(0.687417 -0.507248 -0.0241964)
(0.697757 -0.438141 -0.0207454)
(0.713083 -0.378064 -0.016921)
(0.731866 -0.326773 -0.0129759)
(0.752713 -0.283513 -0.00910429)
(0.774459 -0.2473 -0.00544685)
(0.796195 -0.2171 -0.00209781)
(0.817262 -0.191927 0.000886675)
(0.837217 -0.170896 0.00348023)
(0.743649 -0.602073 -0.0262802)
(0.747264 -0.528229 -0.0238247)
(0.756481 -0.461836 -0.0206939)
(0.770006 -0.403605 -0.0171777)
(0.78649 -0.353366 -0.0135141)
(0.804699 -0.310472 -0.00988862)
(0.823604 -0.274058 -0.00643703)
(0.842404 -0.243207 -0.00325217)
(0.860525 -0.217047 -0.000391232)
(0.877586 -0.19479 0.0021166)
(0.80559 -0.619528 -0.0251848)
(0.808854 -0.549092 -0.0230389)
(0.816815 -0.485138 -0.0202316)
(0.828385 -0.428447 -0.0170322)
(0.842405 -0.378958 -0.0136643)
(0.85781 -0.336151 -0.0103041)
(0.873707 -0.299292 -0.00708196)
(0.889408 -0.267591 -0.00408857)
(0.904422 -0.240284 -0.00138124)
(0.918432 -0.216681 0.00100906)
(0.869445 -0.6361 -0.0236301)
(0.872358 -0.568925 -0.0217815)
(0.879013 -0.507207 -0.0192934)
(0.888546 -0.451832 -0.016414)
(0.900001 -0.402877 -0.0133524)
(0.912485 -0.359966 -0.0102747)
(0.92525 -0.322507 -0.00730511)
(0.937721 -0.289837 -0.00453118)
(0.949496 -0.261304 -0.0020093)
(0.960322 -0.236311 0.000228872)
(0.935223 -0.650716 -0.021579)
(0.937874 -0.586709 -0.0200046)
(0.943256 -0.527087 -0.0178226)
(0.95074 -0.472879 -0.01526)
(0.959585 -0.42432 -0.0125104)
(0.969078 -0.381195 -0.00972889)
(0.978622 -0.343059 -0.00703278)
(0.987763 -0.309379 -0.00450526)
(0.99619 -0.279614 -0.00220064)
(1.00372 -0.253256 -0.000150102)
(1.00282 -0.662157 -0.0190108)
(1.00539 -0.601259 -0.0176766)
(1.00961 -0.54365 -0.0157788)
(1.01509 -0.490522 -0.0135224)
(1.02133 -0.44229 -0.0110845)
(1.0278 -0.398909 -0.0086084)
(1.03407 -0.360088 -0.00620308)
(1.0398 -0.325428 -0.00394618)
(1.04479 -0.294494 -0.00188863)
(1.04892 -0.266866 -5.98356e-05)
(0.695159 -0.0434829 0.0125548)
(0.72002 -0.0316818 0.0142916)
(0.743088 -0.022748 0.0155731)
(0.764356 -0.0160477 0.0164492)
(0.783883 -0.011072 0.0169701)
(0.801775 -0.00741663 0.0171826)
(0.818157 -0.00476314 0.0171292)
(0.833163 -0.00286151 0.0168467)
(0.846921 -0.00151591 0.0163662)
(0.859554 -0.000572826 0.0157137)
(0.871173 8.82988e-05 0.01491)
(0.881877 0.00056251 0.0139717)
(0.891752 0.000925052 0.0129121)
(0.900872 0.00123578 0.0117412)
(0.909302 0.00154253 0.0104667)
(0.917097 0.0018837 0.00909432)
(0.924301 0.00229025 0.00762846)
(0.930956 0.00278718 0.00607237)
(0.937094 0.00339471 0.00442848)
(0.942743 0.00412925 0.00269871)
(0.736764 -0.0728114 0.0107888)
(0.757903 -0.0591413 0.0126645)
(0.777699 -0.0483382 0.0140898)
(0.796081 -0.0398139 0.015107)
(0.813053 -0.0330877 0.0157606)
(0.828669 -0.0277713 0.016094)
(0.843012 -0.0235535 0.0161475)
(0.856179 -0.0201865 0.0159569)
(0.868269 -0.0174725 0.0155533)
(0.879381 -0.0152546 0.0149629)
(0.889605 -0.0134073 0.0142077)
(0.899023 -0.0118302 0.0133053)
(0.907709 -0.0104427 0.0122701)
(0.915727 -0.00917941 0.0111135)
(0.923131 -0.00798747 0.0098443)
(0.929968 -0.00682355 0.00846952)
(0.936279 -0.00565213 0.00699456)
(0.942097 -0.0044439 0.00542367)
(0.947451 -0.0031746 0.00376018)
(0.952365 -0.00182409 0.00200681)
(0.776274 -0.100522 0.00905931)
(0.79362 -0.0848306 0.0110578)
(0.810116 -0.0720656 0.0126163)
(0.825617 -0.061672 0.013768)
(0.840063 -0.0531873 0.0145509)
(0.853454 -0.0462305 0.0150037)
(0.865824 -0.0404911 0.0151638)
(0.87723 -0.0357174 0.0150657)
(0.88774 -0.0317056 0.0147398)
(0.897423 -0.0282913 0.0142125)
(0.906348 -0.0253411 0.0135065)
(0.914581 -0.022747 0.0126402)
(0.922178 -0.0204208 0.011629)
(0.929192 -0.0182904 0.0104855)
(0.935668 -0.0162964 0.00921964)
(0.941644 -0.0143895 0.00783942)
(0.947153 -0.0125289 0.00635131)
(0.952223 -0.0106805 0.00476046)
(0.956877 -0.00881536 0.00307108)
(0.961135 -0.00690944 0.00128664)
(0.814193 -0.126456 0.00739829)
(0.827618 -0.108678 0.00949588)
(0.840736 -0.0939204 0.0111719)
(0.853319 -0.0816564 0.0124483)
(0.865237 -0.0714354 0.0133547)
(0.876423 -0.0628794 0.0139242)
(0.886861 -0.0556741 0.0141902)
(0.896562 -0.04956 0.0141848)
(0.905557 -0.0443244 0.0139373)
(0.913886 -0.0397923 0.0134741)
(0.921593 -0.0358207 0.0128177)
(0.928723 -0.0322917 0.0119875)
(0.935318 -0.0291084 0.0109996)
(0.941414 -0.0261903 0.00986754)
(0.947047 -0.0234707 0.0086023)
(0.952244 -0.0208938 0.00721291)
(0.957031 -0.0184127 0.00570675)
(0.961429 -0.0159879 0.0040899)
(0.965454 -0.0135858 0.00236738)
(0.969123 -0.0111779 0.000543439)
(0.8511 -0.150548 0.00584242)
(0.860407 -0.130694 0.00800514)
(0.870009 -0.113964 0.00977564)
(0.879587 -0.0998598 0.011162)
(0.888926 -0.0879444 0.0121832)
(0.89789 -0.077841 0.0128647)
(0.906402 -0.0692299 0.0132346)
(0.914425 -0.0618424 0.0133216)
(0.921946 -0.0554543 0.0131532)
(0.928974 -0.049879 0.0127547)
(0.935524 -0.0449617 0.0121485)
(0.941617 -0.0405735 0.0113543)
(0.947277 -0.0366075 0.0103889)
(0.952527 -0.0329739 0.00926641)
(0.957387 -0.0295979 0.00799888)
(0.961875 -0.0264164 0.00659621)
(0.966007 -0.023376 0.00506667)
(0.969798 -0.0204315 0.00341722)
(0.973257 -0.0175442 0.0016537)
(0.976393 -0.0146813 -0.000218871)
(0.887608 -0.172766 0.00443575)
(0.892527 -0.15092 0.00661691)
(0.898409 -0.132283 0.00844941)
(0.904833 -0.116397 0.00992411)
(0.911492 -0.102844 0.0110466)
(0.918173 -0.0912516 0.0118323)
(0.924729 -0.0812956 0.0123023)
(0.931066 -0.0726984 0.0124805)
(0.937128 -0.0652241 0.0123912)
(0.942882 -0.0586734 0.0120581)
(0.948313 -0.0528788 0.0115027)
(0.953418 -0.0476996 0.0107445)
(0.958196 -0.0430175 0.00980082)
(0.962654 -0.0387331 0.00868627)
(0.966799 -0.0347625 0.00741354)
(0.970635 -0.0310348 0.00599341)
(0.97417 -0.0274895 0.00443499)
(0.977407 -0.0240753 0.00274608)
(0.980351 -0.0207484 0.000933347)
(0.983004 -0.017471 -0.000997413)
(0.92432 -0.193047 0.00323106)
(0.924512 -0.169379 0.00536912)
(0.926404 -0.148956 0.00721949)
(0.929466 -0.131379 0.00875221)
(0.933292 -0.116261 0.00995622)
(0.93758 -0.103244 0.0108341)
(0.942109 -0.0920038 0.0113977)
(0.946722 -0.0822571 0.011664)
(0.951308 -0.0737569 0.011653)
(0.955792 -0.0662917 0.0113855)
(0.960122 -0.0596808 0.0108815)
(0.964265 -0.053771 0.0101597)
(0.968199 -0.0484323 0.00923723)
(0.971908 -0.0435546 0.0081291)
(0.975381 -0.0390445 0.0068485)
(0.978613 -0.0348224 0.00540688)
(0.981596 -0.0308206 0.00381414)
(0.984326 -0.0269811 0.00207889)
(0.986798 -0.0232545 0.000208597)
(0.989008 -0.019598 -0.00179012)
(0.96179 -0.211243 0.00228921)
(0.956864 -0.18604 0.0043068)
(0.954439 -0.164023 0.00611777)
(0.953875 -0.144888 0.00766782)
(0.954662 -0.128302 0.00892578)
(0.956403 -0.113935 0.00987831)
(0.958795 -0.101475 0.0105249)
(0.961609 -0.0906366 0.010874)
(0.964674 -0.0811661 0.0109391)
(0.967866 -0.0728408 0.0107368)
(0.971093 -0.0654678 0.0102845)
(0.974286 -0.0588811 0.00959946)
(0.977396 -0.0529387 0.00869807)
(0.980384 -0.047519 0.00759525)
(0.983222 -0.0425184 0.00630445)
(0.985885 -0.0378484 0.00483764)
(0.988354 -0.0334333 0.0032054)
(0.990614 -0.029208 0.00141706)
(0.992651 -0.025117 -0.000519069)
(0.994452 -0.0211124 -0.00259556)
(1.00048 -0.227073 0.00167589)
(0.990019 -0.200781 0.00348087)
(0.982909 -0.177464 0.00518165)
(0.978411 -0.156965 0.00669699)
(0.97591 -0.139043 0.00797234)
(0.974909 -0.123421 0.00897508)
(0.975015 -0.109812 0.0096896)
(0.975923 -0.0979414 0.0101127)
(0.977395 -0.0875533 0.0102496)
(0.979251 -0.0784178 0.010111)
(0.981351 -0.0703312 0.00971026)
(0.98359 -0.0631154 0.00906234)
(0.985885 -0.0566163 0.0081821)
(0.98817 -0.0507005 0.00708386)
(0.990396 -0.0452538 0.00578098)
(0.992519 -0.0401778 0.00428571)
(0.994506 -0.0353883 0.00260913)
(0.996328 -0.0308127 0.000761274)
(0.997959 -0.026389 -0.00124876)
(0.999379 -0.0220636 -0.00341272)
(1.04073 -0.240067 0.00145563)
(1.02432 -0.213351 0.00294499)
(1.01215 -0.189173 0.00445276)
(1.00338 -0.167596 0.00587005)
(0.997304 -0.148525 0.00711659)
(0.993331 -0.131771 0.00813752)
(0.990972 -0.1171 0.00889894)
(0.989838 -0.104262 0.00938332)
(0.98962 -0.0930086 0.00958509)
(0.990074 -0.0831097 0.00950696)
(0.991008 -0.0743538 0.00915697)
(0.992272 -0.0665521 0.00854621)
(0.993747 -0.0595385 0.0076873)
(0.995338 -0.0531682 0.00659326)
(0.996968 -0.0473154 0.00527687)
(0.998574 -0.0418716 0.00375034)
(1.0001 -0.0367432 0.00202507)
(1.00151 -0.0318497 0.000111681)
(1.00277 -0.0271219 -0.00198001)
(1.00383 -0.0225001 -0.00424089)
(1.07419 -0.236857 0.00221353)
(1.05393 -0.212299 0.00330281)
(1.03818 -0.189521 0.00449344)
(1.02619 -0.1688 0.00567041)
(1.01725 -0.150206 0.00674333)
(1.01077 -0.133671 0.00764554)
(1.00623 -0.119048 0.00833129)
(1.00323 -0.106151 0.00877198)
(1.00141 -0.0947756 0.00895232)
(1.0005 -0.0847194 0.0088669)
(1.00027 -0.0757897 0.00851711)
(1.00055 -0.0678094 0.00790892)
(1.00118 -0.0606186 0.00705098)
(1.00204 -0.0540753 0.00595349)
(1.00304 -0.0480547 0.00462724)
(1.0041 -0.0424475 0.00308313)
(1.00514 -0.0371589 0.00133182)
(1.00612 -0.0321065 -0.000616391)
(1.00698 -0.0272193 -0.0027517)
(1.00768 -0.0224359 -0.00506478)
(1.09578 -0.219503 0.00341702)
(1.07447 -0.198786 0.00415112)
(1.05737 -0.179091 0.00500979)
(1.04385 -0.160807 0.00589144)
(1.03335 -0.144112 0.00671223)
(1.02532 -0.12904 0.00740685)
(1.01933 -0.115535 0.00792728)
(1.01498 -0.103483 0.0082405)
(1.01193 -0.0927422 0.00832568)
(1.00992 -0.0831587 0.00817156)
(1.00871 -0.0745783 0.00777397)
(1.00812 -0.0668531 0.00713381)
(1.00798 -0.0598459 0.00625546)
(1.00817 -0.0534318 0.00514554)
(1.00857 -0.0474985 0.00381207)
(1.00909 -0.0419464 0.0022638)
(1.00966 -0.0366879 0.000509827)
(1.01021 -0.0316458 -0.00144068)
(1.01068 -0.0267531 -0.00357863)
(1.01103 -0.0219515 -0.00589513)
(1.11228 -0.201117 0.00438075)
(1.09061 -0.184027 0.00482098)
(1.07277 -0.167312 0.00539759)
(1.05829 -0.151438 0.00602269)
(1.04669 -0.136669 0.00662009)
(1.03754 -0.123123 0.00712736)
(1.03044 -0.110815 0.00749595)
(1.02503 -0.0996983 0.00769001)
(1.02101 -0.089685 0.00768464)
(1.01811 -0.0806656 0.00746395)
(1.01609 -0.0725212 0.0070191)
(1.01477 -0.0651325 0.00634667)
(1.01399 -0.0583838 0.00544725)
(1.0136 -0.0521673 0.00432423)
(1.01349 -0.0463835 0.00298303)
(1.01355 -0.0409429 0.00143034)
(1.01371 -0.0357651 -0.000326253)
(1.01388 -0.0307789 -0.00227871)
(1.01401 -0.0259217 -0.00441869)
(1.01405 -0.0211386 -0.00673781)
(1.1242 -0.182374 0.00509887)
(1.10275 -0.168607 0.00530171)
(1.0847 -0.154687 0.00564388)
(1.06972 -0.141127 0.00605076)
(1.05746 -0.128249 0.0064543)
(1.04756 -0.116233 0.006796)
(1.03968 -0.105156 0.00702808)
(1.03349 -0.0950249 0.00711325)
(1.02872 -0.0857976 0.00702378)
(1.02512 -0.0774044 0.00674023)
(1.02246 -0.0697589 0.00625002)
(1.02056 -0.0627673 0.00554612)
(1.01925 -0.0563349 0.00462578)
(1.01838 -0.0503699 0.00348957)
(1.01784 -0.0447855 0.00214052)
(1.01752 -0.0395021 0.000583425)
(1.01732 -0.0344468 -0.00117561)
(1.01717 -0.0295545 -0.00312961)
(1.01701 -0.0247673 -0.00527105)
(1.01677 -0.0200339 -0.00759203)
(1.13214 -0.163876 0.00558393)
(1.11134 -0.153057 0.005598)
(1.09351 -0.141681 0.00574822)
(1.07845 -0.130276 0.00597223)
(1.06589 -0.119198 0.00621006)
(1.05557 -0.10867 0.00640772)
(1.04718 -0.0988145 0.00651907)
(1.04046 -0.0896808 0.00650641)
(1.03516 -0.0812664 0.00634023)
(1.03104 -0.0735347 0.00599851)
(1.0279 -0.0664276 0.00546571)
(1.02554 -0.0598745 0.00473181)
(1.02381 -0.0537995 0.00379128)
(1.02256 -0.0481258 0.00264219)
(1.02166 -0.0427788 0.00128543)
(1.02102 -0.037688 -0.00027591)
(1.02052 -0.0327883 -0.00203713)
(1.0201 -0.0280204 -0.0039923)
(1.01968 -0.0233311 -0.00613465)
(1.01921 -0.0186731 -0.00845682)
(1.13672 -0.146121 0.00586172)
(1.11689 -0.137829 0.00572635)
(1.09961 -0.128698 0.00572033)
(1.08479 -0.119242 0.0057922)
(1.07224 -0.109828 0.00588955)
(1.06176 -0.100704 0.00596302)
(1.05312 -0.0920245 0.00596865)
(1.04609 -0.083869 0.00586906)
(1.04044 -0.0762663 0.00563375)
(1.03596 -0.0692071 0.00523886)
(1.03246 -0.0626571 0.00466662)
(1.02977 -0.0565658 0.00390457)
(1.02772 -0.0508739 0.00294485)
(1.02617 -0.0455182 0.00178339)
(1.02499 -0.040435 0.000419208)
(1.02409 -0.0355627 -0.00114619)
(1.02335 -0.0308432 -0.00290936)
(1.02271 -0.026223 -0.00486537)
(1.02207 -0.0216534 -0.0070082)
(1.02139 -0.017091 -0.00933102)
(1.13855 -0.129483 0.00596586)
(1.11992 -0.123283 0.00571108)
(1.10343 -0.116071 0.00557724)
(1.08909 -0.108327 0.00552223)
(1.07678 -0.100409 0.00550048)
(1.06637 -0.0925757 0.00546704)
(1.05767 -0.084996 0.00538035)
(1.0505 -0.0777729 0.00520381)
(1.04466 -0.0709571 0.00490647)
(1.03997 -0.0645605 0.00446325)
(1.03624 -0.0585679 0.00385465)
(1.03332 -0.0529458 0.00306633)
(1.03104 -0.0476489 0.00208847)
(1.02927 -0.0426258 0.000915164)
(1.02788 -0.0378225 -0.000456193)
(1.02677 -0.0331855 -0.00202551)
(1.02584 -0.0286631 -0.00379049)
(1.02501 -0.0242071 -0.00574715)
(1.0242 -0.0197731 -0.00789017)
(1.02335 -0.0153214 -0.0102132)
(1.13823 -0.114212 0.00593287)
(1.12091 -0.109678 0.00558037)
(1.10538 -0.104055 0.00534018)
(1.09168 -0.0977713 0.00517808)
(1.07979 -0.0911643 0.00505442)
(1.06961 -0.0844849 0.00492833)
(1.06102 -0.0779095 0.00476062)
(1.05386 -0.0715528 0.00451567)
(1.04797 -0.0654803 0.00416249)
(1.04318 -0.0597193 0.00367519)
(1.03933 -0.0542694 0.003033)
(1.03626 -0.0491102 0.00222004)
(1.03383 -0.0442081 0.00122491)
(1.03191 -0.0395217 4.01397e-05)
(1.03037 -0.0350053 -0.00133829)
(1.02911 -0.0306122 -0.00291153)
(1.02803 -0.0262966 -0.00467837)
(1.02704 -0.022015 -0.00663566)
(1.02609 -0.0177272 -0.00877876)
(1.02509 -0.0133966 -0.0111019)
(1.1363 -0.100437 0.00579827)
(1.12034 -0.0971787 0.00536294)
(1.10583 -0.0928274 0.00503191)
(1.09289 -0.087755 0.0047775)
(1.08153 -0.0822654 0.00456516)
(1.07172 -0.076594 0.00435759)
(1.06336 -0.070914 0.00411786)
(1.05632 -0.0653441 0.00381141)
(1.05048 -0.0599578 0.0034074)
(1.04569 -0.0547925 0.00287945)
(1.0418 -0.0498583 0.00220583)
(1.03867 -0.0451448 0.00136945)
(1.03616 -0.0406274 0.000357588)
(1.03414 -0.0362728 -0.00083853)
(1.0325 -0.0320421 -0.00222417)
(1.03113 -0.0278945 -0.0038016)
(1.02994 -0.0237892 -0.00557055)
(1.02884 -0.0196868 -0.00752867)
(1.02776 -0.0155506 -0.00967198)
(1.02665 -0.0113471 -0.0119952)
(1.13322 -0.0881907 0.00559403)
(1.1186 -0.0858634 0.00508565)
(1.10515 -0.0824953 0.00467452)
(1.09302 -0.0783984 0.00433841)
(1.08228 -0.0738375 0.00404709)
(1.0729 -0.0690261 0.00376642)
(1.06485 -0.064127 0.00346146)
(1.05803 -0.0592565 0.00309873)
(1.05233 -0.0544906 0.00264766)
(1.04761 -0.0498722 0.00208156)
(1.04375 -0.045418 0.00137798)
(1.04062 -0.0411244 0.000518865)
(1.03808 -0.0369738 -0.000509605)
(1.03602 -0.0329388 -0.00171732)
(1.03432 -0.0289861 -0.00311063)
(1.03288 -0.0250797 -0.00469277)
(1.03161 -0.0211827 -0.00646435)
(1.03042 -0.0172594 -0.00842378)
(1.02925 -0.0132761 -0.0105677)
(1.02804 -0.00920187 -0.0128912)
(1.12939 -0.0774251 0.00534712)
(1.11606 -0.075741 0.00477191)
(1.10365 -0.0731043 0.00428791)
(1.09235 -0.0697697 0.00387747)
(1.08224 -0.0659617 0.00351405)
(1.07337 -0.0618678 0.00316624)
(1.06569 -0.0576358 0.00280092)
(1.05914 -0.053375 0.00238559)
(1.05362 -0.0491595 0.00189003)
(1.04904 -0.0450338 0.00128735)
(1.04527 -0.0410179 0.000554572)
(1.04218 -0.0371128 -0.000327156)
(1.03966 -0.0333051 -0.00137257)
(1.03759 -0.0295721 -0.0025925)
(1.03587 -0.0258845 -0.00399426)
(1.03439 -0.0222099 -0.00558196)
(1.03307 -0.0185148 -0.00735699)
(1.03182 -0.0147663 -0.00931845)
(1.03059 -0.0109334 -0.0114635)
(1.02929 -0.00698729 -0.0137879)
(1.12512 -0.0680409 0.00507907)
(1.11299 -0.0667681 0.004441)
(1.10158 -0.0646517 0.00388894)
(1.09109 -0.0618941 0.00340919)
(1.08164 -0.0586812 0.0029784)
(1.07328 -0.0551731 0.00256756)
(1.066 -0.0515001 0.00214515)
(1.05976 -0.0477612 0.00167962)
(1.05448 -0.0440256 0.00114109)
(1.05007 -0.0403364 0.000502584)
(1.04642 -0.0367142 -0.000259306)
(1.04342 -0.0331622 -0.00116406)
(1.04096 -0.0296699 -0.00222718)
(1.03892 -0.0262171 -0.00346035)
(1.0372 -0.0227777 -0.00487167)
(1.03571 -0.019322 -0.00646606)
(1.03436 -0.0158188 -0.00824563)
(1.03307 -0.0122378 -0.0102101)
(1.03178 -0.00854958 -0.0123573)
(1.03042 -0.00472758 -0.0146832)
(1.12067 -0.0599074 0.00480623)
(1.10964 -0.0588664 0.00410793)
(1.09916 -0.0570993 0.0034911)
(1.08945 -0.0547633 0.00294547)
(1.08064 -0.0520085 0.00245051)
(1.0728 -0.0489688 0.00197936)
(1.06593 -0.0457556 0.00150196)
(1.06002 -0.042456 0.000987605)
(1.05501 -0.0391323 0.000406803)
(1.0508 -0.0358238 -0.000267463)
(1.0473 -0.0325501 -0.00105892)
(1.04441 -0.0293145 -0.00198756)
(1.04202 -0.0261075 -0.00306956)
(1.04003 -0.022911 -0.00431728)
(1.03834 -0.0197003 -0.00573958)
(1.03686 -0.0164476 -0.00734207)
(1.0355 -0.0131239 -0.00912753)
(1.03419 -0.00970003 -0.0110963)
(1.03286 -0.00614863 -0.0132466)
(1.03145 -0.0024444 -0.015575)
(1.1162 -0.052881 0.00454028)
(1.10617 -0.0519377 0.00378377)
(1.09656 -0.0503858 0.00310456)
(1.08758 -0.0483447 0.00249549)
(1.07938 -0.0459329 0.00193858)
(1.07205 -0.0432596 0.0014089)
(1.0656 -0.0404182 0.000877752)
(1.06003 -0.0374829 0.000315242)
(1.05528 -0.0345076 -0.000307748)
(1.05129 -0.0315267 -0.00101821)
(1.04796 -0.0285571 -0.0018401)
(1.0452 -0.0256009 -0.00279385)
(1.04291 -0.0226488 -0.00389618)
(1.04099 -0.0196831 -0.00516006)
(1.03935 -0.0166801 -0.00659499)
(1.03789 -0.0136131 -0.00820721)
(1.03653 -0.0104543 -0.0100001)
(1.0352 -0.00717579 -0.0119745)
(1.03384 -0.00375131 -0.0141293)
(1.0324 -0.000156749 -0.0164614)
(1.11185 -0.0468177 0.00428909)
(1.10273 -0.0458756 0.00347611)
(1.09391 -0.0444368 0.00273649)
(1.08561 -0.04259 0.00206586)
(1.07798 -0.0404269 0.00144862)
(1.07113 -0.0380342 0.000861623)
(1.06509 -0.0354882 0.000277433)
(1.05985 -0.0328505 -0.000333042)
(1.05538 -0.0301661 -0.000998534)
(1.05161 -0.0274636 -0.00174596)
(1.04846 -0.0247562 -0.00259944)
(1.04585 -0.022044 -0.00357976)
(1.04366 -0.0193166 -0.00470407)
(1.04182 -0.0165561 -0.0059859)
(1.04023 -0.0137392 -0.00743528)
(1.03881 -0.0108397 -0.00905903)
(1.03746 -0.00783023 -0.0108611)
(1.03613 -0.00468391 -0.0128428)
(1.03476 -0.00137524 -0.0150034)
(1.03327 0.00211904 -0.0173404)
(1.10769 -0.0415823 0.00405747)
(1.09939 -0.0405741 0.00318977)
(1.09129 -0.0391729 0.0023915)
(1.08361 -0.0374426 0.00166093)
(1.07653 -0.0354523 0.000984652)
(1.07014 -0.0332693 0.000341214)
(1.06448 -0.0309541 -0.000295602)
(1.05957 -0.0285563 -0.000954115)
(1.05537 -0.026112 -0.00166265)
(1.05182 -0.0236435 -0.00244799)
(1.04886 -0.0211597 -0.00333437)
(1.04639 -0.018658 -0.00434282)
(1.04432 -0.0161266 -0.00549089)
(1.04257 -0.0135465 -0.00679253)
(1.04104 -0.0108942 -0.00825828)
(1.03965 -0.00814362 -0.00989545)
(1.03833 -0.00526759 -0.0117085)
(1.037 -0.00223967 -0.0136992)
(1.03561 0.000965076 -0.0158673)
(1.0341 0.00436931 -0.0182106)
(1.10378 -0.0370528 0.0038479)
(1.09621 -0.0359337 0.00292734)
(1.08877 -0.0345153 0.00207217)
(1.08167 -0.0328425 0.00128316)
(1.07508 -0.0309654 0.000548985)
(1.06912 -0.0289346 -0.000150161)
(1.06383 -0.0267966 -0.00083933)
(1.05923 -0.0245896 -0.00154607)
(1.05529 -0.0223412 -0.00229825)
(1.05197 -0.0200673 -0.00312252)
(1.04918 -0.0177723 -0.00404314)
(1.04686 -0.0154507 -0.00508133)
(1.04491 -0.0130883 -0.00625494)
(1.04325 -0.0106651 -0.00757829)
(1.04179 -0.00815678 -0.00906235)
(1.04044 -0.0055369 -0.0107149)
(1.03915 -0.0027784 -0.0125407)
(1.03782 0.000145061 -0.0145422)
(1.03642 0.0032581 -0.0167193)
(1.03489 0.00658298 -0.0190704)
(1.10012 -0.0331232 0.00366125)
(1.09323 -0.031864 0.00268976)
(1.08638 -0.0303899 0.00177947)
(1.07981 -0.0287305 0.000933495)
(1.07369 -0.0269205 0.000142538)
(1.06812 -0.024996 -0.000611636)
(1.06318 -0.0229911 -0.00135292)
(1.05888 -0.0209338 -0.00210807)
(1.05519 -0.0188436 -0.00290453)
(1.05208 -0.0167302 -0.00376871)
(1.04947 -0.0145933 -0.00472485)
(1.04729 -0.012424 -0.00579433)
(1.04546 -0.0102061 -0.0069952)
(1.04389 -0.0079179 -0.00834212)
(1.04249 -0.00553405 -0.00984638)
(1.0412 -0.00302758 -0.0115161)
(1.03993 -0.00037116 -0.0133566)
(1.03861 0.00246156 -0.0153706)
(1.0372 0.00549508 -0.0175585)
(1.03565 0.0087514 -0.0199189)
(1.09672 -0.029703 0.00349719)
(1.09044 -0.028286 0.00247686)
(1.08414 -0.0267293 0.00151325)
(1.07806 -0.0250508 0.000611793)
(1.07237 -0.0232723 -0.000234851)
(1.06718 -0.0214178 -0.00104337)
(1.06256 -0.0195105 -0.0018365)
(1.05853 -0.0175689 -0.00264023)
(1.05509 -0.0156051 -0.00348149)
(1.05218 -0.0136227 -0.00438647)
(1.04974 -0.0116171 -0.00537933)
(1.0477 -0.00957587 -0.00648153)
(1.04598 -0.00748034 -0.00771128)
(1.0445 -0.00530707 -0.0090835)
(1.04318 -0.00302964 -0.0106098)
(1.04193 -0.000620293 -0.0122986)
(1.04068 0.00194871 -0.0141555)
(1.03938 0.0047039 -0.0161837)
(1.03796 0.00766978 -0.0183839)
(1.03638 0.0108682 -0.0207551)
(1.09356 -0.026717 0.00335468)
(1.08784 -0.0251316 0.00228764)
(1.08205 -0.0234738 0.00127256)
(1.07642 -0.0217522 0.000317114)
(1.07113 -0.0199782 -0.000584118)
(1.06629 -0.0181653 -0.00144627)
(1.06198 -0.0163268 -0.00229095)
(1.05822 -0.0144731 -0.00314334)
(1.055 -0.012609 -0.00402986)
(1.05228 -0.0107327 -0.0049764)
(1.05001 -0.00883518 -0.00600704)
(1.04811 -0.00690061 -0.00714324)
(1.0465 -0.00490781 -0.00840335)
(1.04511 -0.00283153 -0.00980246)
(1.04385 -0.000644077 -0.0113524)
(1.04264 0.00168317 -0.013062)
(1.04142 0.00417846 -0.0149371)
(1.04013 0.0068686 -0.0169811)
(1.03871 0.00977817 -0.0191951)
(1.03711 0.012929 -0.0215785)
(1.37501 0.0351005 0.00766338)
(1.37857 -0.0206163 0.0101523)
(1.37054 -0.0779522 0.0112852)
(1.3507 -0.131091 0.0111024)
(1.32075 -0.175941 0.00992564)
(1.28334 -0.210428 0.00818237)
(1.24127 -0.234221 0.00627114)
(1.19689 -0.24818 0.00449612)
(1.152 -0.253771 0.00305477)
(1.10776 -0.252602 0.00205232)
(1.34353 0.0333156 0.00700883)
(1.34958 -0.0124587 0.00953617)
(1.34602 -0.0606153 0.0108656)
(1.33214 -0.106647 0.0109991)
(1.30898 -0.147075 0.0101939)
(1.27858 -0.179784 0.00881602)
(1.2433 -0.203983 0.00721935)
(1.20528 -0.219931 0.00568186)
(1.16621 -0.228544 0.00438913)
(1.12727 -0.231018 0.00344465)
(1.31456 0.0298213 0.0064493)
(1.32217 -0.00780753 0.00897558)
(1.3219 -0.047977 0.0104341)
(1.31273 -0.0872916 0.010801)
(1.29518 -0.122954 0.010285)
(1.27077 -0.153034 0.00920297)
(1.24147 -0.176543 0.00787229)
(1.20918 -0.193335 0.00654825)
(1.17546 -0.203885 0.00540504)
(1.14147 -0.209015 0.0045424)
(1.28823 0.0253919 0.00597824)
(1.29669 -0.00566165 0.00847692)
(1.29874 -0.0390586 0.0100145)
(1.2932 -0.0722898 0.0105494)
(1.28018 -0.103201 0.0102528)
(1.2608 -0.130168 0.00940271)
(1.23665 -0.152188 0.00828667)
(1.20939 -0.168887 0.00714154)
(1.18046 -0.180419 0.00613209)
(1.15098 -0.187294 0.00535438)
(1.26447 0.02057 0.005587)
(1.27328 -0.00522455 0.00804096)
(1.27691 -0.0329862 0.00962148)
(1.27409 -0.0608801 0.0102742)
(1.26467 -0.0873067 0.0101406)
(1.24941 -0.11098 0.00946722)
(1.22961 -0.131001 0.00851713)
(1.20669 -0.1469 0.0075126)
(1.18197 -0.158627 0.00661131)
(1.15649 -0.166453 0.00590694)
(1.24316 0.0157134 0.00526613)
(1.25197 -0.00589342 0.00766506)
(1.25662 -0.0290263 0.0092631)
(1.25579 -0.052346 0.00999621)
(1.24917 -0.0747012 0.0099816)
(1.23724 -0.0951295 0.00943936)
(1.22105 -0.112888 0.00861244)
(1.20181 -0.127509 0.00771131)
(1.1807 -0.138828 0.00688873)
(1.15871 -0.146951 0.00623747)
(1.22409 0.0110423 0.00500624)
(1.23269 -0.00723099 0.00734456)
(1.23793 -0.0265918 0.00894273)
(1.23855 -0.0460564 0.0097289)
(1.23407 -0.0648198 0.00979976)
(1.22481 -0.0822002 0.00935279)
(1.21156 -0.0976285 0.00861359)
(1.19539 -0.110693 0.00778287)
(1.17733 -0.121184 0.00701001)
(1.15832 -0.129103 0.00638822)
(1.20705 0.0066793 0.00479845)
(1.21529 -0.00893214 0.00707385)
(1.22085 -0.0252303 0.00866061)
(1.22249 -0.0414822 0.00948034)
(1.21965 -0.0571415 0.00961191)
(1.21248 -0.0717564 0.00923287)
(1.20162 -0.0849235 0.00855341)
(1.18797 -0.0963125 0.00776579)
(1.17247 -0.105715 0.00701694)
(1.15596 -0.113076 0.00640139)
(1.1918 0.00268108 0.00463454)
(1.19963 -0.0107922 0.00684693)
(1.20531 -0.0246041 0.00841504)
(1.20765 -0.0381964 0.00925474)
(1.20605 -0.0512114 0.00942915)
(1.20053 -0.0633779 0.00909788)
(1.1916 -0.0744382 0.00845708)
(1.18001 -0.0841513 0.00769123)
(1.16661 -0.0923366 0.0069453)
(1.15218 -0.0989136 0.0063156)
(1.17813 -0.000938188 0.0045071)
(1.18552 -0.0126798 0.00665783)
(1.1912 -0.0244679 0.00820307)
(1.19403 -0.0358651 0.00905359)
(1.19337 -0.0466483 0.00925833)
(1.18915 -0.0566842 0.00896048)
(1.18176 -0.0658367 0.00834309)
(1.17186 -0.0739507 0.0075833)
(1.16018 -0.0808858 0.00682419)
(1.14747 -0.0865593 0.00616396)
(1.16584 -0.00419025 0.00440947)
(1.17279 -0.0145157 0.00650081)
(1.1784 -0.0246479 0.00802112)
(1.18156 -0.034233 0.00887657)
(1.18162 -0.0431425 0.00910315)
(1.17844 -0.0513456 0.0088289)
(1.1723 -0.0588046 0.00822448)
(1.16376 -0.0654412 0.00745986)
(1.1535 -0.0711597 0.00667615)
(1.1422 -0.0758883 0.0059733)
(1.15473 -0.00710144 0.00433573)
(1.16127 -0.0162559 0.00637046)
(1.16677 -0.0250241 0.0078653)
(1.17017 -0.0331095 0.00872213)
(1.17079 -0.0404488 0.00896511)
(1.16844 -0.0470864 0.0087081)
(1.16332 -0.0530618 0.00810996)
(1.15591 -0.0583633 0.00733358)
(1.14682 -0.0629391 0.00651788)
(1.13668 -0.0667354 0.00576431)
(1.14464 -0.00970513 0.00428069)
(1.15081 -0.0178805 0.00626184)
(1.15619 -0.0255159 0.00773163)
(1.15975 -0.0323544 0.00858801)
(1.16082 -0.0383769 0.00884414)
(1.15916 -0.0436815 0.00860062)
(1.15489 -0.0483681 0.00800493)
(1.14842 -0.0524805 0.00721293)
(1.14031 -0.0560081 0.00636113)
(1.13113 -0.058918 0.00555215)
(1.13543 -0.012037 0.00423976)
(1.14126 -0.0193844 0.00617044)
(1.14652 -0.0260709 0.00761625)
(1.15021 -0.0318665 0.00847152)
(1.15165 -0.0367814 0.00873919)
(1.15057 -0.0409516 0.00850727)
(1.14702 -0.044523 0.00791234)
(1.14136 -0.0475858 0.00710321)
(1.13407 -0.0501665 0.00621371)
(1.1257 -0.052254 0.00534733)
(1.12697 -0.0141318 0.00420897)
(1.1325 -0.0207716 0.0060922)
(1.13764 -0.0266561 0.00751548)
(1.14144 -0.0315737 0.00836979)
(1.14321 -0.0355529 0.00864851)
(1.14263 -0.0387559 0.00842773)
(1.13971 -0.0413633 0.00783341)
(1.13475 -0.0435036 0.00700732)
(1.12818 -0.0452365 0.00608039)
(1.12051 -0.0465724 0.00515666)
(1.11914 -0.0160222 0.00418486)
(1.12441 -0.0220514 0.00602351)
(1.12946 -0.0272522 0.0074259)
(1.13335 -0.0314254 0.00827994)
(1.13541 -0.0346101 0.00857001)
(1.13528 -0.0369852 0.00836086)
(1.13293 -0.038758 0.00776809)
(1.12859 -0.0400883 0.00692643)
(1.12266 -0.0410652 0.00596368)
(1.11561 -0.0417201 0.0049841)
(1.11187 -0.0177374 0.00416448)
(1.11691 -0.0232353 0.00596117)
(1.12186 -0.0278489 0.00734437)
(1.12585 -0.0313869 0.00819914)
(1.12818 -0.0338928 0.00850141)
(1.12846 -0.0355562 0.00830505)
(1.12663 -0.0366038 0.00771556)
(1.12286 -0.0372216 0.00686055)
(1.11751 -0.0375246 0.00586446)
(1.11103 -0.0375644 0.00483154)
(1.10507 -0.019303 0.00414528)
(1.10989 -0.0243355 0.00590241)
(1.11477 -0.0284416 0.00726806)
(1.11885 -0.0314341 0.00812471)
(1.12143 -0.0333573 0.00844037)
(1.1221 -0.0344056 0.00825841)
(1.12076 -0.0348203 0.00767443)
(1.11753 -0.0348087 0.00680886)
(1.11273 -0.0345094 0.00578254)
(1.10677 -0.0339934 0.00469937)
(1.09867 -0.020741 0.00412512)
(1.10329 -0.0253639 0.0058448)
(1.10811 -0.0290291 0.00719443)
(1.11227 -0.0315511 0.00805419)
(1.1151 -0.0329715 0.00838459)
(1.11614 -0.0334857 0.00821892)
(1.11526 -0.033345 0.00764303)
(1.11254 -0.0327747 0.00677005)
(1.10826 -0.0319346 0.00571695)
(1.1028 -0.0309143 0.00458702)
(1.09261 -0.02207 0.00410219)
(1.09706 -0.0263311 0.00578626)
(1.10181 -0.0296121 0.00712122)
(1.10606 -0.0317272 0.00798528)
(1.10911 -0.0327123 0.00833187)
(1.11052 -0.0327608 0.00818456)
(1.11008 -0.0321301 0.00761954)
(1.10786 -0.031061 0.00674252)
(1.10408 -0.0297323 0.00566632)
(1.0991 -0.0282518 0.00449332)
(1.09771 0.210281 -0.00732794)
(1.09835 0.24051 -0.00839381)
(1.09823 0.278173 -0.00924238)
(1.0974 0.324942 -0.00975882)
(1.09603 0.382504 -0.00982373)
(1.09432 0.452115 -0.009331)
(1.0924 0.533699 -0.00820364)
(1.08998 0.624464 -0.00639802)
(1.08603 0.717502 -0.00389425)
(1.07868 0.801545 -0.000688741)
(1.16182 0.194743 -0.00680476)
(1.1694 0.224813 -0.00764565)
(1.17689 0.262756 -0.00832441)
(1.18405 0.310313 -0.00876723)
(1.19058 0.36904 -0.0088948)
(1.19605 0.439658 -0.00862809)
(1.19972 0.520984 -0.00788987)
(1.20041 0.608641 -0.00660004)
(1.1963 0.694276 -0.00467275)
(1.18514 0.766363 -0.00203324)
(1.21554 0.182199 -0.00669768)
(1.23015 0.212482 -0.00723872)
(1.24559 0.250843 -0.00763856)
(1.26138 0.298891 -0.00785754)
(1.27673 0.35778 -0.00785384)
(1.29043 0.427397 -0.0075802)
(1.30079 0.505279 -0.00697458)
(1.30553 0.585653 -0.00594927)
(1.30203 0.659453 -0.0043929)
(1.28772 0.716008 -0.00220092)
(1.25746 0.174442 -0.00678581)
(1.27854 0.205395 -0.00700421)
(1.30146 0.244249 -0.00708252)
(1.32554 0.292196 -0.00700263)
(1.34954 0.349649 -0.00674756)
(1.37151 0.415395 -0.00629438)
(1.38881 0.485705 -0.00560183)
(1.39818 0.553941 -0.00460018)
(1.39622 0.611356 -0.00319716)
(1.38009 0.64929 -0.00130775)
(1.28948 0.171573 -0.00675683)
(1.3162 0.203213 -0.00665516)
(1.34564 0.242008 -0.00640559)
(1.37691 0.288447 -0.00599963)
(1.40841 0.341936 -0.00543199)
(1.43759 0.400099 -0.00469489)
(1.46106 0.458278 -0.00377008)
(1.4748 0.509788 -0.00262513)
(1.47488 0.547298 -0.00122091)
(1.45822 0.565004 0.000471821)
(1.31486 0.171636 -0.00624008)
(1.34635 0.203042 -0.00583621)
(1.38108 0.240144 -0.00527371)
(1.418 0.282539 -0.00454623)
(1.45519 0.328599 -0.00365301)
(1.48972 0.375043 -0.0025982)
(1.51772 0.41694 -0.00139084)
(1.53479 0.448494 -4.78597e-05)
(1.53672 0.464613 0.0014018)
(1.52033 0.462633 0.00292066)
(1.33699 0.170001 -0.00486382)
(1.37225 0.199154 -0.00419689)
(1.41085 0.231849 -0.00336264)
(1.45157 0.266829 -0.00235539)
(1.49227 0.301693 -0.00117941)
(1.52982 0.332822 0.000145874)
(1.56021 0.355802 0.00157942)
(1.57901 0.366465 0.00305335)
(1.58205 0.362268 0.00447704)
(1.56617 0.343348 0.00576017)
(1.3583 0.159884 -0.00239998)
(1.39606 0.184048 -0.00154352)
(1.43683 0.209191 -0.000519254)
(1.47924 0.233476 0.000674416)
(1.52105 0.254223 0.00202313)
(1.55914 0.268135 0.00348778)
(1.58966 0.271947 0.00499596)
(1.60844 0.263414 0.00643994)
(1.61159 0.242286 0.00769031)
(1.59609 0.210733 0.00863171)
(1.37913 0.134903 0.00103534)
(1.41776 0.151435 0.00197247)
(1.45874 0.166457 0.00306399)
(1.50062 0.177965 0.00430255)
(1.54119 0.183524 0.00565981)
(1.57755 0.180658 0.00707748)
(1.6062 0.167499 0.0084612)
(1.62345 0.143542 0.00968405)
(1.62582 0.110189 0.0106068)
(1.61051 0.0707577 0.0111171)
(1.3972 0.0924095 0.00489421)
(1.43487 0.0995689 0.00579137)
(1.47409 0.103274 0.0068131)
(1.51342 0.101744 0.00794082)
(1.55082 0.0931434 0.00913342)
(1.58371 0.0759898 0.0103208)
(1.60911 0.0496699 0.0114023)
(1.62386 0.0149223 0.0122543)
(1.62494 -0.0259303 0.0127528)
(1.60981 -0.0691552 0.0128075)
(0.756947 0.148403 0.00412931)
(0.731834 0.179747 0.00576898)
(0.705595 0.216434 0.00791049)
(0.678614 0.259456 0.010621)
(0.651414 0.310153 0.0139611)
(0.624685 0.37038 0.0179714)
(0.599303 0.442587 0.0226501)
(0.576309 0.529531 0.0279255)
(0.556765 0.633042 0.0336342)
(0.541438 0.751397 0.0395246)
(0.78555 0.153559 0.00334985)
(0.761117 0.18343 0.00463789)
(0.735289 0.218921 0.006432)
(0.708414 0.261066 0.00880722)
(0.680994 0.311219 0.0118317)
(0.653719 0.371201 0.0155522)
(0.627507 0.44339 0.0199709)
(0.603497 0.530432 0.0250162)
(0.582934 0.634044 0.0305207)
(0.566834 0.752396 0.0362262)
(0.810648 0.16398 0.00140562)
(0.787253 0.192469 0.00247255)
(0.762215 0.226835 0.00404268)
(0.735844 0.268174 0.00619893)
(0.708626 0.317876 0.00901631)
(0.68127 0.377753 0.0125462)
(0.654759 0.450104 0.0167919)
(0.630362 0.537417 0.0216789)
(0.60951 0.641146 0.0270335)
(0.593433 0.759095 0.0325922)
(0.832243 0.178731 -0.00166416)
(0.810163 0.206173 -0.000713948)
(0.786257 0.239672 0.000736437)
(0.760804 0.280407 0.00277611)
(0.734283 0.329823 0.00548473)
(0.707441 0.389738 0.00891538)
(0.681352 0.462375 0.0130688)
(0.65743 0.550017 0.0178639)
(0.637273 0.653718 0.023119)
(0.622235 0.770685 0.0285686)
(0.850952 0.196116 -0.00528156)
(0.830399 0.223106 -0.00445747)
(0.807963 0.256218 -0.00312268)
(0.783898 0.296716 -0.00118356)
(0.758694 0.34611 0.00144126)
(0.733153 0.406241 0.00480233)
(0.70845 0.479258 0.00889299)
(0.686123 0.567192 0.0136211)
(0.667861 0.670575 0.0187965)
(0.654986 0.785798 0.0241559)
(0.868686 0.213668 -0.00843827)
(0.849912 0.240932 -0.0078987)
(0.829351 0.274276 -0.00682126)
(0.807259 0.315029 -0.00510426)
(0.784153 0.36477 -0.0026637)
(0.76089 0.425365 0.000546801)
(0.738722 0.498887 0.00450978)
(0.719237 0.587063 0.00911943)
(0.704073 0.689764 0.0141773)
(0.694306 0.802364 0.0194277)
(0.889812 0.228196 -0.0102345)
(0.873198 0.256328 -0.0101854)
(0.855017 0.290478 -0.00958149)
(0.835555 0.332014 -0.00830235)
(0.815366 0.382562 -0.00625172)
(0.795347 0.444005 -0.00338028)
(0.776766 0.518307 0.000288564)
(0.76114 0.606799 0.00463966)
(0.749857 0.708509 0.00947252)
(0.743524 0.817598 0.0145465)
(0.921094 0.236171 -0.0104445)
(0.907205 0.265383 -0.0109619)
(0.891979 0.300676 -0.0109581)
(0.875752 0.343442 -0.0102869)
(0.859118 0.395329 -0.0088277)
(0.842983 0.458196 -0.00651295)
(0.828544 0.533806 -0.00335531)
(0.817095 0.622916 0.000538339)
(0.809582 0.723462 0.00498309)
(0.805961 0.828202 0.00976742)
(0.968067 0.235071 -0.00955452)
(0.957764 0.265116 -0.010507)
(0.946268 0.301543 -0.0110309)
(0.933934 0.345783 -0.0109654)
(0.921355 0.399501 -0.010167)
(0.909383 0.464458 -0.00854067)
(0.899038 0.542046 -0.00606839)
(0.891248 0.632164 -0.00282131)
(0.886373 0.731342 0.00106084)
(0.883656 0.83082 0.0054182)
(1.02972 0.225265 -0.00832201)
(1.02423 0.25562 -0.00945365)
(1.01768 0.292857 -0.0102727)
(1.01031 0.338513 -0.01063)
(1.00262 0.394272 -0.0103807)
(0.995236 0.461709 -0.00941191)
(0.988856 0.54161 -0.00766914)
(0.983896 0.632672 -0.0051662)
(0.980052 0.72974 -0.00196815)
(0.975928 0.822603 0.00184134)
(0.989908 -0.0387172 0.00819975)
(0.984914 -0.0353548 0.00775899)
(0.97963 -0.0320108 0.00728122)
(0.974017 -0.0286426 0.00676915)
(0.968033 -0.025198 0.0062267)
(0.961628 -0.0216131 0.00565924)
(0.954741 -0.0178107 0.00507372)
(0.947306 -0.013699 0.00447889)
(0.939244 -0.00916944 0.00388542)
(0.930466 -0.00409525 0.00330611)
(0.920876 0.00167061 0.00275594)
(0.910365 0.00829703 0.0022523)
(0.89882 0.0159768 0.00181506)
(0.886122 0.0249285 0.00146678)
(0.872152 0.0353995 0.00123294)
(0.856802 0.0476682 0.00114229)
(0.839976 0.0620491 0.00122724)
(0.821608 0.0788974 0.00152449)
(0.801669 0.0986168 0.00207554)
(0.780185 0.12167 0.00292736)
(0.995843 -0.0274496 0.00946967)
(0.991201 -0.0236274 0.00909651)
(0.986306 -0.0198457 0.00868528)
(0.981128 -0.016071 0.00823669)
(0.97563 -0.0122615 0.00775231)
(0.969769 -0.00836457 0.00723484)
(0.963494 -0.0043157 0.00668828)
(0.956748 -3.619e-05 0.00611813)
(0.949462 0.00456893 0.00553169)
(0.94156 0.00961316 0.0049382)
(0.932954 0.015231 0.0043491)
(0.923547 0.0215806 0.00377825)
(0.913237 0.0288465 0.00324213)
(0.901913 0.0372429 0.00276007)
(0.889463 0.0470173 0.00235459)
(0.875782 0.0584548 0.00205171)
(0.860774 0.0718835 0.00188143)
(0.844366 0.0876816 0.00187823)
(0.82652 0.106286 0.00208173)
(0.807241 0.128204 0.00253723)
(1.0008 -0.0167731 0.00996392)
(0.996424 -0.0124278 0.00961615)
(0.991825 -0.00813096 0.00923012)
(0.986979 -0.00385577 0.00880502)
(0.981857 0.000432107 0.00834055)
(0.976422 0.00477623 0.00783718)
(0.970633 0.00923123 0.00729631)
(0.964439 0.0138649 0.00672051)
(0.957784 0.0187606 0.00611382)
(0.9506 0.0240202 0.00548198)
(0.942813 0.0297666 0.00483274)
(0.934339 0.0361477 0.00417618)
(0.925085 0.04334 0.00352499)
(0.914953 0.0515529 0.00289484)
(0.903842 0.0610336 0.00230479)
(0.891653 0.0720735 0.00177767)
(0.878297 0.0850149 0.00134065)
(0.863701 0.10026 0.00102577)
(0.847821 0.118282 0.000870654)
(0.830654 0.13964 0.000919019)
(1.0049 -0.00690924 0.00974143)
(1.0007 -0.002018 0.00937318)
(0.996314 0.00282568 0.00896623)
(0.991712 0.00764443 0.00851871)
(0.98687 0.0124676 0.00802902)
(0.981759 0.0173327 0.00749592)
(0.976343 0.0222875 0.00691878)
(0.970581 0.0273921 0.00629777)
(0.964426 0.0327214 0.00563417)
(0.957821 0.0383684 0.00493065)
(0.950703 0.0444476 0.00419164)
(0.943 0.0510991 0.00342371)
(0.934632 0.0584937 0.00263597)
(0.925514 0.0668379 0.00184059)
(0.915556 0.0763811 0.00105328)
(0.90467 0.0874228 0.000293879)
(0.892775 0.100322 -0.000413001)
(0.879804 0.115509 -0.00103731)
(0.865716 0.133495 -0.00154286)
(0.850508 0.154891 -0.00188682)
(1.00827 0.00197545 0.00892645)
(1.0042 0.007396 0.00849912)
(0.999959 0.0127719 0.00803258)
(0.995535 0.0181236 0.0075245)
(0.990903 0.0234774 0.00697256)
(0.986039 0.0288678 0.00637454)
(0.980916 0.0343383 0.00572854)
(0.975499 0.0399449 0.00503316)
(0.969748 0.0457575 0.0042878)
(0.963618 0.0518646 0.003493)
(0.957054 0.0583762 0.00265078)
(0.949995 0.0654293 0.00176516)
(0.942373 0.0731934 0.000842659)
(0.934115 0.081877 -0.00010713)
(0.925143 0.091736 -0.00107085)
(0.915381 0.103083 -0.00203067)
(0.904759 0.116297 -0.00296355)
(0.893228 0.131836 -0.00384047)
(0.880768 0.150249 -0.00462584)
(0.867418 0.172184 -0.00527714)
(1.01108 0.00978192 0.0076816)
(1.00709 0.0156815 0.00717272)
(1.00296 0.0215344 0.00662587)
(0.998675 0.0273597 0.00603901)
(0.994211 0.0331824 0.00540998)
(0.989552 0.0390355 0.00473655)
(0.984676 0.0449614 0.00401666)
(0.979553 0.0510145 0.00324854)
(0.974152 0.0572643 0.00243102)
(0.968432 0.0637988 0.00156384)
(0.962348 0.0707291 0.000648074)
(0.955847 0.0781947 -0.000313414)
(0.948871 0.0863702 -0.00131538)
(0.941357 0.0954725 -0.00234955)
(0.933244 0.105769 -0.00340394)
(0.924475 0.117589 -0.00446204)
(0.915015 0.131329 -0.00550216)
(0.904869 0.147462 -0.00649668)
(0.894115 0.166544 -0.00741167)
(0.882958 0.189203 -0.00820678)
(1.01348 0.0164801 0.00617682)
(1.00956 0.0227842 0.00558446)
(1.00552 0.0290286 0.00495989)
(1.00134 0.0352314 0.00430243)
(0.997031 0.0414172 0.00361125)
(0.99256 0.0476189 0.00288542)
(0.987912 0.05388 0.00212405)
(0.983063 0.060257 0.00132639)
(0.977985 0.0668225 0.000492058)
(0.972643 0.0736698 -0.000378746)
(0.966997 0.080917 -0.00128488)
(0.961003 0.0887127 -0.00222391)
(0.954615 0.0972427 -0.00319162)
(0.947792 0.106736 -0.00418149)
(0.940508 0.117473 -0.00518406)
(0.932768 0.129787 -0.00618625)
(0.924642 0.144069 -0.00717062)
(0.916302 0.16076 -0.00811455)
(0.908096 0.180337 -0.00898954)
(0.900646 0.203275 -0.00976065)
(1.0156 0.0220988 0.00456437)
(1.01173 0.0287194 0.00390664)
(1.00777 0.0352526 0.00322975)
(1.00371 0.0417158 0.00253563)
(0.999545 0.0481339 0.00182604)
(0.99526 0.054542 0.00110257)
(0.990837 0.060987 0.00036654)
(0.986256 0.0675317 -0.000380993)
(0.981491 0.0742574 -0.00113928)
(0.976511 0.0812681 -0.00190788)
(0.971287 0.0886951 -0.00268659)
(0.965793 0.096701 -0.00347537)
(0.960017 0.105484 -0.00427404)
(0.953977 0.115278 -0.00508183)
(0.947745 0.126358 -0.00589669)
(0.941487 0.139025 -0.00671417)
(0.935511 0.1536 -0.00752589)
(0.930347 0.170392 -0.00831763)
(0.926837 0.189667 -0.00906713)
(0.926238 0.211598 -0.00974212)
(1.01754 0.0267083 0.00296518)
(1.01372 0.0335532 0.00227639)
(1.00984 0.0402677 0.00159058)
(1.0059 0.046869 0.000913343)
(1.00188 0.0533844 0.000249863)
(0.997782 0.0598537 -0.000395405)
(0.993584 0.0663323 -0.0010191)
(0.989267 0.0728942 -0.00161941)
(0.984811 0.0796356 -0.00219649)
(0.9802 0.0866768 -0.00275291)
(0.975431 0.0941649 -0.00329394)
(0.970528 0.102274 -0.00382754)
(0.965565 0.111201 -0.00436394)
(0.960698 0.121161 -0.00491453)
(0.956204 0.132372 -0.00549007)
(0.952542 0.145036 -0.00609793)
(0.950413 0.159309 -0.00673869)
(0.950829 0.175266 -0.00740241)
(0.95516 0.192883 -0.00806522)
(0.96514 0.21203 -0.0086872)
(1.01938 0.0304006 0.0014661)
(1.01561 0.0373808 0.000791457)
(1.01181 0.0441739 0.000151443)
(1.00798 0.050799 -0.000444408)
(1.00412 0.057289 -0.00098787)
(1.0002 0.0636938 -0.00147287)
(0.996226 0.070083 -0.00189647)
(0.992173 0.0765486 -0.00225987)
(0.988043 0.083206 -0.0025694)
(0.983856 0.0901937 -0.00283717)
(0.979676 0.0976685 -0.00308122)
(0.975637 0.105798 -0.00332473)
(0.97198 0.114748 -0.00359427)
(0.969097 0.124661 -0.00391659)
(0.967575 0.135635 -0.00431455)
(0.968241 0.147696 -0.00480213)
(0.972187 0.16078 -0.00537969)
(0.98075 0.174733 -0.0060299)
(0.995439 0.189353 -0.00671554)
(1.01778 0.204497 -0.00737967)
(1.02113 0.0330984 0.000184933)
(1.01749 0.0400071 -0.000423702)
(1.01386 0.0466711 -0.000961449)
(1.01023 0.053112 -0.00141584)
(1.0066 0.0593688 -0.00177733)
(1.00297 0.0655008 -0.00204078)
(0.999311 0.0715894 -0.00220709)
(0.995646 0.0777385 -0.00228468)
(0.992007 0.0840718 -0.00229063)
(0.988479 0.0907257 -0.00225097)
(0.985225 0.0978378 -0.00219975)
(0.982522 0.10553 -0.00217656)
(0.980797 0.113886 -0.00222262)
(0.980655 0.122931 -0.0023755)
(0.982895 0.132608 -0.00266351)
(0.988493 0.142775 -0.00310051)
(0.998544 0.153222 -0.00368202)
(1.01415 0.163725 -0.00438307)
(1.03626 0.174143 -0.00515789)
(1.06556 0.184554 -0.00594154)
(1.02286 0.0349848 -0.000878927)
(1.01942 0.0416356 -0.00137967)
(1.01603 0.0479917 -0.00177449)
(1.01267 0.0540776 -0.00205006)
(1.00934 0.0599371 -0.00219801)
(1.00605 0.065636 -0.00221693)
(1.00279 0.0712617 -0.00211441)
(0.999606 0.0769203 -0.00190858)
(0.996577 0.0827295 -0.00162875)
(0.993859 0.0888059 -0.00131467)
(0.991709 0.0952476 -0.00101402)
(0.990519 0.102113 -0.000778059)
(0.990828 0.109398 -0.00065606)
(0.993322 0.117021 -0.000689239)
(0.998803 0.12482 -0.000905482)
(1.00811 0.132573 -0.00131566)
(1.022 0.140045 -0.00191189)
(1.04104 0.147063 -0.00266728)
(1.0655 0.1536 -0.00353685)
(1.09531 0.159875 -0.0044589)
(1.02462 0.0363205 -0.00177222)
(1.02138 0.0426648 -0.00213284)
(1.0182 0.048669 -0.00235421)
(1.01509 0.0543633 -0.00242461)
(1.01204 0.0597993 -0.00233985)
(1.00906 0.0650509 -0.00210568)
(1.00618 0.070212 -0.00173971)
(1.00346 0.0753896 -0.00127252)
(1.00105 0.0806917 -0.000747145)
(0.999174 0.0862101 -0.000216589)
(0.998179 0.092 0.00026065)
(0.99854 0.0980575 0.000626647)
(1.00086 0.104304 0.000830583)
(1.00581 0.110584 0.000834422)
(1.01407 0.11668 0.000616649)
(1.02622 0.122359 0.00017368)
(1.04261 0.127427 -0.00048059)
(1.06331 0.131799 -0.00131614)
(1.08804 0.135555 -0.00228818)
(1.11632 0.13899 -0.00333802)
(1.02642 0.0371614 -0.00248907)
(1.02337 0.0431653 -0.00268329)
(1.0204 0.0487917 -0.00270906)
(1.01751 0.0540787 -0.002559)
(1.01471 0.0590879 -0.00223611)
(1.01202 0.0639024 -0.00175614)
(1.0095 0.0686216 -0.00114906)
(1.00725 0.0733502 -0.000458964)
(1.00547 0.0781826 0.000258123)
(1.00446 0.0831824 0.000938765)
(1.00463 0.0883609 0.00151845)
(1.00651 0.0936596 0.00193869)
(1.01068 0.098944 0.00215329)
(1.01773 0.104017 0.00213258)
(1.02814 0.108651 0.00186478)
(1.04218 0.112643 0.00135509)
(1.0598 0.115868 0.000623472)
(1.0807 0.118321 -0.000297539)
(1.10431 0.120148 -0.00136404)
(1.12996 0.121657 -0.0025206)
(1.0283 0.0375544 -0.00302875)
(1.02541 0.0431971 -0.00303678)
(1.02263 0.0484345 -0.00285335)
(1.01994 0.0533152 -0.00247802)
(1.01737 0.0579116 -0.00192349)
(1.01496 0.0623155 -0.00121747)
(1.01278 0.0666296 -0.000403141)
(1.01101 0.0709532 0.000462613)
(1.00987 0.0753629 0.00131345)
(1.00973 0.0798918 0.00207997)
(1.01104 0.0845102 0.00269725)
(1.01433 0.0891155 0.00311191)
(1.0201 0.0935382 0.00328705)
(1.02881 0.0975679 0.00320413)
(1.04069 0.100997 0.00286189)
(1.0557 0.103673 0.0022735)
(1.07355 0.105532 0.00146329)
(1.09366 0.106627 0.00046462)
(1.11536 0.107127 -0.000680649)
(1.13799 0.107317 -0.00192063)
(1.03025 0.0375392 -0.00339418)
(1.02752 0.0428108 -0.003203)
(1.0249 0.0476603 -0.00280503)
(1.02241 0.0521482 -0.00220901)
(1.02005 0.0563576 -0.00143905)
(1.0179 0.0603874 -0.00053567)
(1.01607 0.0643406 0.000445382)
(1.01477 0.068307 0.0014368)
(1.01428 0.0723425 0.00236593)
(1.015 0.0764495 0.00316252)
(1.01738 0.0805627 0.00376653)
(1.0219 0.0845475 0.00413406)
(1.02897 0.0882183 0.00424003)
(1.03886 0.0913731 0.00407756)
(1.05157 0.0938391 0.00365467)
(1.06684 0.0955121 0.00299022)
(1.08416 0.0963789 0.00211053)
(1.10291 0.096519 0.00104778)
(1.1224 0.0960974 -0.0001591)
(1.14204 0.0953635 -0.00146165)
(1.03228 0.0371497 -0.00359127)
(1.0297 0.0420499 -0.00319459)
(1.02724 0.0465228 -0.00258448)
(1.02491 0.0506408 -0.00178045)
(1.02275 0.0544965 -0.000818872)
(1.02086 0.0581937 0.000247387)
(1.01938 0.061832 0.00135196)
(1.01856 0.0654881 0.00242061)
(1.01871 0.0691955 0.00337901)
(1.02024 0.0729273 0.00416103)
(1.02359 0.0765891 0.0047157)
(1.02914 0.0800273 0.00501117)
(1.03719 0.0830549 0.00503482)
(1.0478 0.0854911 0.00479012)
(1.0608 0.0872012 0.00429195)
(1.07577 0.0881226 0.00356208)
(1.09213 0.088272 0.0026263)
(1.10923 0.0877363 0.00151415)
(1.12647 0.0866635 0.000261148)
(1.14336 0.0852643 -0.00108708)
(1.03441 0.0364166 -0.00362854)
(1.03196 0.0409535 -0.0030267)
(1.02963 0.0450688 -0.00221391)
(1.02746 0.0488462 -0.00122134)
(1.0255 0.0523862 -9.74528e-05)
(1.02387 0.0557938 0.00109409)
(1.02274 0.0591618 0.00227928)
(1.0224 0.0625509 0.00338111)
(1.02317 0.0659714 0.00432818)
(1.02545 0.0693704 0.0050626)
(1.02962 0.072632 0.00554528)
(1.03599 0.075594 0.00575731)
(1.04469 0.0780793 0.00569744)
(1.05563 0.0799339 0.00537721)
(1.0685 0.0810578 0.0048154)
(1.0828 0.0814188 0.00403393)
(1.09793 0.0810479 0.00305614)
(1.11331 0.0800276 0.00190799)
(1.12843 0.0784844 0.000621733)
(1.1429 0.0765955 -0.000759024)
(1.03663 0.0353687 -0.00351709)
(1.03429 0.0395574 -0.00271671)
(1.03209 0.0433403 -0.00171698)
(1.03007 0.0468108 -0.000560769)
(1.0283 0.0500747 0.000692536)
(1.02692 0.0532348 0.00197091)
(1.02616 0.0563737 0.00319635)
(1.02628 0.0595343 0.00429333)
(1.02764 0.0627039 0.00519748)
(1.03059 0.0658079 0.00586217)
(1.03545 0.0687165 0.00626144)
(1.04239 0.0712676 0.00638871)
(1.05144 0.0733004 0.00625206)
(1.06239 0.0746884 0.0058682)
(1.07482 0.0753601 0.00525696)
(1.08821 0.0753024 0.00443811)
(1.10201 0.0745506 0.00343124)
(1.11571 0.073177 0.00225845)
(1.1289 0.0712874 0.000949259)
(1.14127 0.0690332 -0.000453846)
(1.03893 0.0340341 -0.00327047)
(1.0367 0.0378955 -0.00228407)
(1.03462 0.0413756 -0.00111847)
(1.03274 0.0445755 0.000172513)
(1.03116 0.0476028 0.0015205)
(1.03005 0.050555 0.00284825)
(1.02964 0.0535017 0.00407765)
(1.03022 0.0564667 0.00513867)
(1.03211 0.0594164 0.00597716)
(1.03563 0.0622589 0.00655947)
(1.04101 0.0648572 0.00687273)
(1.04832 0.0670561 0.00692101)
(1.05747 0.068714 0.00671904)
(1.06815 0.0697294 0.00628578)
(1.07992 0.0700522 0.0056396)
(1.09228 0.0696798 0.00479652)
(1.10473 0.0686456 0.00377168)
(1.11686 0.0670101 0.00258356)
(1.12833 0.0648625 0.00125965)
(1.1389 0.0623346 -0.000157788)
(1.04132 0.0324408 -0.0029046)
(1.03919 0.0360006 -0.00174992)
(1.03721 0.0392106 -0.000443792)
(1.03547 0.0421769 0.000950495)
(1.03409 0.0450056 0.00235822)
(1.03324 0.0477859 0.0037004)
(1.03318 0.0505722 0.00490264)
(1.03418 0.0533694 0.00590376)
(1.03655 0.0561253 0.00666202)
(1.04053 0.0587357 0.00715726)
(1.04627 0.0610623 0.00738851)
(1.05375 0.0629608 0.00736813)
(1.06278 0.0643094 0.00711468)
(1.073 0.0650276 0.00664668)
(1.08398 0.0650801 0.00597911)
(1.09526 0.0644689 0.00512321)
(1.10641 0.0632227 0.00408961)
(1.1171 0.0613911 0.00289369)
(1.12706 0.0590506 0.00156172)
(1.13608 0.0563197 0.000136413)
(1.0438 0.0306171 -0.00243753)
(1.04174 0.0339045 -0.00113673)
(1.03987 0.0368786 0.000281451)
(1.03827 0.0396476 0.00174642)
(1.03708 0.0423131 0.00318016)
(1.0365 0.0449531 0.00450553)
(1.03677 0.0476059 0.00565528)
(1.03817 0.0502582 0.00657964)
(1.04094 0.0528424 0.00725034)
(1.04526 0.0552467 0.00766014)
(1.05121 0.0573358 0.00781805)
(1.05868 0.058979 0.00774203)
(1.06741 0.0600728 0.00745168)
(1.07704 0.0605535 0.0069629)
(1.08715 0.0603954 0.00628591)
(1.09734 0.0596014 0.00542676)
(1.10727 0.0581945 0.00439189)
(1.11666 0.0562157 0.00319426)
(1.12529 0.0537325 0.00185971)
(1.13299 0.0508543 0.000431892)
(1.04635 0.0285919 -0.00188906)
(1.04437 0.0316381 -0.000467802)
(1.0426 0.0344108 0.00103208)
(1.04114 0.0370171 0.0025353)
(1.04015 0.0395511 0.0039638)
(1.03983 0.0420779 0.0052457)
(1.04041 0.0446192 0.00632372)
(1.04214 0.0471451 0.00716107)
(1.04523 0.0495761 0.00774307)
(1.04979 0.0517968 0.00807395)
(1.0558 0.0536788 0.00817026)
(1.0631 0.0551053 0.0080528)
(1.07141 0.0559892 0.0077398)
(1.08036 0.0562795 0.00724286)
(1.08957 0.0559563 0.00656665)
(1.09871 0.0550213 0.00571208)
(1.1075 0.0534925 0.00468194)
(1.11573 0.0514043 0.00348758)
(1.12321 0.0488183 0.00215504)
(1.12977 0.0458381 0.000729254)
(1.04898 0.0263938 -0.00128027)
(1.04707 0.0292313 0.000233353)
(1.0454 0.0318361 0.00178393)
(1.04408 0.0343112 0.00329439)
(1.04328 0.0367414 0.0046899)
(1.0432 0.0391773 0.00590681)
(1.04407 0.0416244 0.00689989)
(1.04609 0.0440386 0.00764603)
(1.04941 0.0463318 0.00814325)
(1.05409 0.0483889 0.00840524)
(1.06003 0.0500902 0.00845343)
(1.06704 0.0513327 0.00830892)
(1.07483 0.0520435 0.00798653)
(1.08304 0.0521806 0.0074924)
(1.09136 0.0517273 0.0068254)
(1.0995 0.0506836 0.00598165)
(1.10726 0.049063 0.00496105)
(1.11445 0.0468959 0.00377408)
(1.12092 0.0442402 0.00244747)
(1.12649 0.0411955 0.00102761)
(1.05167 0.0240515 -0.00063299)
(1.04983 0.0267123 0.000943594)
(1.04826 0.0291805 0.0025144)
(1.04709 0.0315527 0.0040036)
(1.04648 0.0339022 0.00534263)
(1.04663 0.0362648 0.00647847)
(1.04774 0.038631 0.00737918)
(1.04998 0.0409447 0.00803512)
(1.05345 0.0431129 0.00845546)
(1.05813 0.0450236 0.00866094)
(1.0639 0.0465671 0.00867525)
(1.07052 0.0476535 0.00851748)
(1.07771 0.048221 0.00819755)
(1.08517 0.0482346 0.0077155)
(1.09262 0.0476789 0.00706449)
(1.09984 0.0465521 0.00623648)
(1.10666 0.0448644 0.00522926)
(1.11293 0.0426438 0.0040531)
(1.1185 0.0399462 0.00273582)
(1.1232 0.0368685 0.00132527)
(1.05442 0.0215924 3.08401e-05)
(1.05265 0.0241073 0.00164077)
(1.05118 0.0264674 0.00320298)
(1.05015 0.0287609 0.00464583)
(1.04972 0.0310481 0.00590966)
(1.05008 0.0333507 0.0069538)
(1.0514 0.0356454 0.00775999)
(1.05379 0.0378672 0.00833111)
(1.05732 0.0399211 0.00868542)
(1.0619 0.0417003 0.00884813)
(1.0674 0.0431057 0.00884272)
(1.07356 0.0440592 0.00868443)
(1.08012 0.0445082 0.00837722)
(1.08683 0.0444221 0.00791483)
(1.09345 0.0437864 0.00728512)
(1.09982 0.0425975 0.00647666)
(1.10579 0.0408637 0.00548588)
(1.11124 0.0386116 0.00432344)
(1.11602 0.0358961 0.00301845)
(1.11996 0.0328122 0.00162016)
(1.05723 0.0190428 0.000689762)
(1.05553 0.0214403 0.00230429)
(1.05416 0.0237173 0.00383167)
(1.05327 0.0259517 0.00520716)
(1.05301 0.0281909 0.00638209)
(1.05354 0.0304425 0.00732911)
(1.05501 0.032672 0.00804332)
(1.0575 0.0348081 0.00853847)
(1.06099 0.0367564 0.00883958)
(1.0654 0.0384171 0.00897377)
(1.07054 0.0397014 0.00896218)
(1.07619 0.0405416 0.00881473)
(1.08211 0.0408923 0.00852887)
(1.08808 0.0407264 0.00809216)
(1.09392 0.0400293 0.00748781)
(1.09951 0.0387964 0.00670178)
(1.10473 0.0370348 0.0057299)
(1.10944 0.0347706 0.00458365)
(1.11352 0.0320585 0.00329356)
(1.11679 0.0289912 0.00191008)
(1.0601 0.0164272 0.0013234)
(1.05846 0.0187327 0.00291563)
(1.05719 0.0209475 0.0043853)
(1.05643 0.0231382 0.00567694)
(1.05632 0.025339 0.0067543)
(1.057 0.0275453 0.00760363)
(1.05857 0.0297132 0.0082323)
(1.06107 0.0317679 0.00866296)
(1.06446 0.0336179 0.00892484)
(1.06861 0.0351711 0.00904462)
(1.07335 0.036349 0.0090393)
(1.07845 0.0370925 0.00891253)
(1.08372 0.0373622 0.00865503)
(1.08899 0.037133 0.00824862)
(1.09411 0.0363906 0.00767261)
(1.09899 0.0351296 0.00691117)
(1.10352 0.0333567 0.00596018)
(1.10759 0.031098 0.00483224)
(1.11104 0.028408 0.00355933)
(1.1137 0.0253775 0.00219291)
(1.06301 0.0137676 0.00191301)
(1.06145 0.016003 0.00345868)
(1.06028 0.0181722 0.00485172)
(1.05963 0.0203302 0.00604774)
(1.05965 0.0224987 0.00702373)
(1.06043 0.0246621 0.00777905)
(1.06205 0.0267699 0.0083318)
(1.0645 0.0287462 0.00871119)
(1.06771 0.0305038 0.00894822)
(1.07155 0.0319593 0.00906705)
(1.07583 0.0330433 0.00907913)
(1.08038 0.0337044 0.00898128)
(1.08501 0.0339076 0.00875764)
(1.08961 0.0336297 0.00838492)
(1.09407 0.0328562 0.00783935)
(1.0983 0.0315815 0.00710409)
(1.10222 0.0298125 0.00617556)
(1.1057 0.0275753 0.00506776)
(1.10859 0.0249242 0.00381406)
(1.11071 0.0219478 0.00246665)
(1.06597 0.0110833 0.00244188)
(1.06447 0.0132667 0.00392009)
(1.0634 0.0154028 0.0052219)
(1.06286 0.0175351 0.00631525)
(1.06298 0.0196737 0.00719051)
(1.06382 0.0217943 0.00785915)
(1.06543 0.0238418 0.00834797)
(1.06777 0.0257415 0.00869034)
(1.07074 0.0274119 0.00891671)
(1.07421 0.0287782 0.00904698)
(1.07801 0.0297793 0.0090861)
(1.08199 0.0303704 0.00902384)
(1.08602 0.0305199 0.0088382)
(1.08999 0.030206 0.00850149)
(1.09384 0.0294145 0.00798773)
(1.09749 0.0281395 0.00727976)
(1.10086 0.0263882 0.006375)
(1.10382 0.0241874 0.00528895)
(1.10621 0.0215903 0.00405623)
(1.10784 0.0186832 0.00272953)
(1.1126 0.18268 -0.00605401)
(1.16679 0.168267 -0.0058999)
(1.21072 0.15674 -0.00613944)
(1.24424 0.149331 -0.00652088)
(1.26952 0.146166 -0.00673213)
(1.28959 0.145832 -0.00641431)
(1.30752 0.144668 -0.005211)
(1.32567 0.137016 -0.00290399)
(1.3446 0.117281 0.000398675)
(1.36234 0.0827656 0.00417861)
(1.136 0.156556 -0.00490844)
(1.17783 0.144209 -0.00519385)
(1.21057 0.134528 -0.0057538)
(1.23515 0.128178 -0.00634534)
(1.25365 0.125175 -0.00668183)
(1.26859 0.124378 -0.00643907)
(1.28253 0.122863 -0.00530645)
(1.29747 0.116176 -0.00311125)
(1.31397 0.0999444 2.51457e-05)
(1.33043 0.0719845 0.00362821)
(1.15029 0.135112 -0.00406886)
(1.1821 0.124646 -0.00468644)
(1.20646 0.116369 -0.00547088)
(1.22455 0.110713 -0.0062013)
(1.23812 0.107692 -0.00661541)
(1.24923 0.106379 -0.00641884)
(1.26002 0.104414 -0.00533947)
(1.27228 0.098259 -0.00324132)
(1.28656 0.0845068 -0.000254991)
(1.30159 0.0614599 0.00318201)
(1.1578 0.117606 -0.00346193)
(1.18194 0.108633 -0.00431218)
(1.20015 0.10136 -0.00524668)
(1.21352 0.09614 -0.00606462)
(1.22346 0.0930056 -0.00652337)
(1.23164 0.091196 -0.00635369)
(1.23993 0.0887726 -0.00531595)
(1.24992 0.0829001 -0.00330394)
(1.26219 0.0709236 -0.000454191)
(1.27575 0.0515682 0.00282759)
(1.16065 0.103229 -0.0030109)
(1.17908 0.0953642 -0.00401813)
(1.1928 0.0887946 -0.00505004)
(1.2027 0.0838431 -0.00592034)
(1.2099 0.0805619 -0.00640182)
(1.21582 0.0783093 -0.00624672)
(1.22207 0.0754692 -0.00524317)
(1.23014 0.0697458 -0.00330918)
(1.2406 0.0590661 -0.000584651)
(1.25272 0.0425057 0.00255241)
(1.16048 0.0912717 -0.00265486)
(1.17468 0.0842103 -0.00376673)
(1.1851 0.0781336 -0.00486067)
(1.19241 0.0733523 -0.00576011)
(1.19751 0.0699264 -0.00625039)
(1.20162 0.0673008 -0.00610257)
(1.20621 0.0641086 -0.00512871)
(1.21263 0.0584707 -0.00326664)
(1.2215 0.0487641 -0.000657689)
(1.23225 0.0343458 0.00234458)
(1.15842 0.0811706 -0.00235127)
(1.16949 0.0746925 -0.00353343)
(1.17743 0.0689716 -0.00466632)
(1.18276 0.0643075 -0.0055801)
(1.18622 0.0607586 -0.00607084)
(1.18887 0.0578337 -0.0059265)
(1.19209 0.0543607 -0.0049799)
(1.19711 0.0487857 -0.00318514)
(1.20458 0.039834 -0.000683483)
(1.21406 0.0270835 0.00219327)
(1.15526 0.0724978 -0.00207268)
(1.16396 0.066453 -0.00330317)
(1.17002 0.0610024 -0.00446033)
(1.1738 0.056431 -0.00537939)
(1.17594 0.05279 -0.00586615)
(1.17741 0.0496361 -0.00572385)
(1.17947 0.0459519 -0.0048035)
(1.18331 0.0404398 -0.00307252)
(1.18955 0.0320954 -0.000671014)
(1.19788 0.0206674 0.00208878)
(1.15147 0.0649342 -0.00180255)
(1.15836 0.0592246 -0.0030675)
(1.16294 0.053993 -0.0042398)
(1.16549 0.0495073 -0.00515896)
(1.16656 0.0458077 -0.0056399)
(1.16706 0.042488 -0.00549982)
(1.16815 0.0386559 -0.00460563)
(1.17098 0.0332181 -0.0029357)
(1.17615 0.0253805 -0.00062812)
(1.18345 0.0150226 0.00202254)
(1.14735 0.058243 -0.00153167)
(1.15284 0.0528063 -0.00282238)
(1.15624 0.0477647 -0.00400428)
(1.15778 0.0433673 -0.00492096)
(1.15797 0.0396415 -0.00539595)
(1.15765 0.0362111 -0.00525927)
(1.15793 0.0322866 -0.00439173)
(1.1599 0.0269386 -0.00278068)
(1.16415 0.0195383 -0.000561587)
(1.17054 0.0100644 0.00198707)
(1.14311 0.0522482 -0.00125568)
(1.14746 0.047046 -0.00256662)
(1.1499 0.0421792 -0.00375492)
(1.15061 0.0378772 -0.00466816)
(1.15007 0.0341547 -0.00513816)
(1.14906 0.0306603 -0.00500662)
(1.14865 0.0266902 -0.00416656)
(1.14988 0.0214485 -0.00261265)
(1.15333 0.0144366 -0.00047726)
(1.15892 0.00570767 0.00197586)
(1.13884 0.0468181 -0.000973247)
(1.14226 0.0418275 -0.00230081)
(1.14391 0.0371284 -0.00349374)
(1.14393 0.0329308 -0.00440367)
(1.14275 0.0292372 -0.00487025)
(1.14116 0.0257177 -0.00474587)
(1.14017 0.0217408 -0.00393427)
(1.14076 0.0166202 -0.00243605)
(1.14353 0.00996074 -0.000380149)
(1.14842 0.00187154 0.00198325)
(1.13461 0.041853 -0.000684912)
(1.13727 0.0370608 -0.00202664)
(1.13824 0.032527 -0.00322331)
(1.13766 0.0284428 -0.00413063)
(1.13595 0.0247998 -0.00459567)
(1.13386 0.0212869 -0.00448057)
(1.13237 0.0173344 -0.00369844)
(1.13242 0.0123473 -0.00225468)
(1.13459 0.00601319 -0.000274531)
(1.13888 -0.00151767 0.00200439)
(1.13048 0.0372768 -0.000392289)
(1.13248 0.0326759 -0.00174635)
(1.13287 0.0283073 -0.00294637)
(1.13178 0.0243448 -0.00385209)
(1.1296 0.0207701 -0.00431757)
(1.12708 0.0172891 -0.00421381)
(1.12515 0.013386 -0.00346213)
(1.12473 0.00854186 -0.00207174)
(1.12639 0.00251129 -0.000164038)
(1.13014 -0.00452538 0.00203509)
(1.12647 0.0330308 -9.75521e-05)
(1.1279 0.0286174 -0.00146246)
(1.12778 0.0244152 -0.00266569)
(1.12623 0.0205812 -0.00357092)
(1.12364 0.0170889 -0.00403877)
(1.12074 0.0136601 -0.00394826)
(1.11844 0.00982552 -0.00322791)
(1.11761 0.00513112 -0.00188993)
(1.11881 -0.000614279 -5.17362e-05)
(1.1221 -0.00720861 0.00207177)
(1.12258 0.0290687 0.000196899)
(1.12352 0.0248415 -0.0011775)
(1.12294 0.0208069 -0.00238388)
(1.12098 0.0171069 -0.00328972)
(1.11803 0.0137081 -0.00376174)
(1.11479 0.0103469 -0.00368621)
(1.11216 0.00659557 -0.00299795)
(1.11097 0.00205503 -0.0017115)
(1.11178 -0.00342139 5.98038e-05)
(1.11465 -0.00961628 0.0021114)
(1.11884 0.0253539 0.000488651)
(1.11933 0.0213124 -0.00089393)
(1.11834 0.0174467 -0.00210339)
(1.11601 0.0138849 -0.00301083)
(1.11273 0.0105881 -0.00348861)
(1.10919 0.00730647 -0.00342958)
(1.10625 0.00364902 -0.00277405)
(1.10474 -0.000735788 -0.0015383)
(1.1052 -0.00595808 0.000168445)
(1.10771 -0.0117899 0.00215141)
(1.11524 0.021857 0.000775406)
(1.11532 0.0180015 -0.000614012)
(1.11396 0.0143054 -0.0018264)
(1.11129 0.0108849 -0.00273629)
(1.10771 0.00769626 -0.00322122)
(1.10389 0.00450309 -0.00317996)
(1.10069 0.000947175 -0.00255765)
(1.09889 -0.00328193 -0.00137184)
(1.09903 -0.00826402 0.000272429)
(1.10121 -0.0137643 0.00218965)
(1.11179 0.0185537 0.00105505)
(1.1115 0.0148847 -0.000339798)
(1.10979 0.0113589 -0.00155487)
(1.1068 0.00808163 -0.00246786)
(1.10294 0.00500576 -0.00296109)
(1.09887 0.00190752 -0.00293867)
(1.09542 -0.00154175 -0.00234996)
(1.09335 -0.00561671 -0.00121333)
(1.0932 -0.0103719 0.000370329)
(1.09508 -0.0155686 0.00222436)
(1.10849 0.015424 0.0013257)
(1.10785 0.0119422 -7.31075e-05)
(1.10581 0.00858711 -0.00129048)
(1.10253 0.00545423 -0.00220706)
(1.09841 0.0024943 -0.0027095)
(1.0941 -0.000504416 -0.00270677)
(1.09042 -0.00384388 -0.00215188)
(1.08811 -0.00776742 -0.00106371)
(1.08768 -0.0123085 0.000461004)
(1.08928 -0.0172265 0.00225407)
)
;

boundaryField
{
    down
    {
        type            symmetryPlane;
    }
    right
    {
        type            zeroGradient;
    }
    up
    {
        type            symmetryPlane;
    }
    left
    {
        type            uniformFixedValue;
        uniformValue    constant (1 0 0);
        value           uniform (1 0 0);
    }
    cylinder
    {
        type            symmetry;
    }
    defaultFaces
    {
        type            empty;
    }
}


// ************************************************************************* //
