/*--------------------------------*- C++ -*----------------------------------*\
| =========                 |                                                 |
| \\      /  F ield         | OpenFOAM: The Open Source CFD Toolbox           |
|  \\    /   O peration     | Version:  2206                                  |
|   \\  /    A nd           | Website:  www.openfoam.com                      |
|    \\/     M anipulation  |                                                 |
\*---------------------------------------------------------------------------*/
FoamFile
{
    version     2.0;
    format      ascii;
    arch        "LSB;label=32;scalar=64";
    class       volVectorField;
    location    "0";
    object      Phi_grad;
}
// * * * * * * * * * * * * * * * * * * * * * * * * * * * * * * * * * * * * * //

dimensions      [0 1 -1 0 0 0 0];

internalField   nonuniform List<vector> 
2000
(
(-1.11014 0.964106 -3.18388e-17)
(-1.11325 0.789553 1.48649e-17)
(-1.10433 0.667066 -1.43897e-17)
(-1.09731 0.570693 -2.47189e-17)
(-1.09172 0.493435 -1.27994e-17)
(-1.0872 0.430372 1.19775e-17)
(-1.08352 0.378493 -1.69583e-17)
(-1.08049 0.335184 1.49333e-18)
(-1.07803 0.298624 1.18586e-17)
(-1.07205 0.268586 1.68592e-17)
(-1.26114 0.941159 7.69013e-18)
(-1.23727 0.770652 -1.3145e-17)
(-1.20949 0.651017 2.56538e-17)
(-1.18752 0.55698 6.15553e-18)
(-1.17009 0.48151 -1.50192e-17)
(-1.15584 0.420031 2.93002e-18)
(-1.14421 0.369463 6.57181e-18)
(-1.13445 0.327178 -1.20531e-17)
(-1.12625 0.2917 7.87374e-18)
(-1.11691 0.261043 2.45609e-17)
(-1.4068 0.894905 3.67067e-17)
(-1.35677 0.732577 -7.11618e-17)
(-1.31084 0.618879 2.38947e-17)
(-1.27455 0.529457 2.97534e-17)
(-1.24555 0.457635 2.88679e-18)
(-1.22197 0.399213 -2.62709e-17)
(-1.20255 0.351069 3.06038e-18)
(-1.18636 0.310825 -2.13304e-17)
(-1.17256 0.277074 -1.03515e-17)
(-1.15963 0.245709 7.01771e-18)
(-1.54351 0.826463 -1.80991e-17)
(-1.469 0.676515 1.4413e-17)
(-1.40587 0.571491 -2.23432e-17)
(-1.35621 0.488732 -9.87688e-18)
(-1.31647 0.422301 3.66668e-18)
(-1.28411 0.368303 -6.66777e-18)
(-1.25743 0.323723 1.46015e-17)
(-1.23523 0.286434 1.99209e-18)
(-1.21638 0.255004 -2.03587e-17)
(-1.19967 0.224545 -5.19754e-17)
(-1.66778 0.737554 3.96582e-17)
(-1.57103 0.60361 2.44919e-17)
(-1.49225 0.509738 3.53041e-18)
(-1.43032 0.43583 1.13459e-17)
(-1.38089 0.376506 -3.69003e-18)
(-1.34071 0.328215 5.03012e-18)
(-1.30758 0.288408 -2.1963e-17)
(-1.28003 0.254998 -1.52841e-17)
(-1.25677 0.226626 5.92927e-18)
(-1.23654 0.199126 -6.92459e-18)
(-1.77646 0.630216 -4.59954e-19)
(-1.66033 0.51564 -1.39173e-17)
(-1.56794 0.435361 -2.51689e-18)
(-1.49525 0.372153 9.66898e-18)
(-1.43727 0.32143 4.20394e-18)
(-1.39025 0.280142 4.75881e-18)
(-1.3515 0.246022 -9.59063e-19)
(-1.31927 0.217268 -1.62944e-17)
(-1.29227 0.19287 -1.09761e-17)
(-1.26906 0.169533 1.18614e-17)
(-1.86706 0.507349 1.54373e-19)
(-1.73466 0.415024 8.4382e-18)
(-1.63095 0.350122 7.68382e-19)
(-1.54949 0.299199 5.66466e-20)
(-1.48423 0.258394 -1.06352e-17)
(-1.43154 0.225046 1.55665e-19)
(-1.38806 0.197383 2.46933e-17)
(-1.35201 0.174292 4.88203e-17)
(-1.3218 0.1547 1.43983e-17)
(-1.29612 0.13607 3.50352e-18)
(-1.93738 0.371731 -2.07899e-17)
(-1.79215 0.303845 8.12943e-19)
(-1.67966 0.256292 -1.13849e-18)
(-1.59131 0.218783 1.15759e-17)
(-1.52066 0.188826 1.0404e-17)
(-1.4634 0.164358 5.26944e-18)
(-1.41645 0.144067 -1.24683e-17)
(-1.3774 0.127168 9.86202e-18)
(-1.34469 0.112743 7.17166e-18)
(-1.31696 0.0992119 2.3776e-17)
(-1.98527 0.226735 -7.62346e-17)
(-1.83153 0.185134 0)
(-1.71297 0.15592 -2.07041e-17)
(-1.61989 0.132908 -3.46954e-17)
(-1.54557 0.11461 -5.1154e-19)
(-1.48525 0.0996615 1.19675e-18)
(-1.43582 0.0872013 -6.73452e-18)
(-1.39476 0.0767276 -2.8469e-17)
(-1.36035 0.0679415 -5.28775e-18)
(-1.33122 0.0599004 -2.76815e-17)
(-2.00971 0.0761104 4.56049e-17)
(-1.85157 0.0617269 -9.97186e-21)
(-1.72994 0.0516822 1.29834e-19)
(-1.63459 0.0437642 -8.84747e-20)
(-1.55825 0.0374871 -2.02226e-17)
(-1.49643 0.032371 -7.52473e-18)
(-1.44564 0.0280854 6.43279e-18)
(-1.40355 0.0245409 -1.67236e-17)
(-1.36828 0.0214609 6.94755e-18)
(-1.33858 0.0187318 5.67413e-18)
(-0.06876 0.0502481 -1.37623e-19)
(-0.25673 0.0411766 6.52996e-18)
(-0.377152 0.0348765 2.88792e-18)
(-0.471759 0.0297807 -3.16261e-18)
(-0.547325 0.0257787 -4.56785e-18)
(-0.608475 0.0224698 -4.86938e-18)
(-0.658699 0.0197568 1.38988e-17)
(-0.700347 0.0174814 2.63556e-19)
(-0.735324 0.0155776 -1.23291e-17)
(-0.764953 0.0141133 1.00828e-17)
(-0.0925641 0.224346 -3.68572e-18)
(-0.276032 0.183983 9.11451e-19)
(-0.393677 0.155519 -5.89246e-18)
(-0.486048 0.132957 5.72304e-19)
(-0.559728 0.115007 4.45502e-18)
(-0.619432 0.100314 -1.38392e-18)
(-0.668384 0.0881284 3.23879e-20)
(-0.70897 0.0779929 4.57543e-18)
(-0.74299 0.0694811 3.22764e-17)
(-0.771713 0.0629123 -1.32496e-17)
(-0.139195 0.367868 -8.26747e-18)
(-0.314513 0.301582 6.3774e-18)
(-0.426453 0.254896 1.50483e-18)
(-0.514146 0.21809 -1.19796e-17)
(-0.584112 0.188552 7.64998e-18)
(-0.640911 0.164402 -4.47249e-18)
(-0.687411 0.144407 1.21691e-18)
(-0.725828 0.127797 3.62849e-20)
(-0.758044 0.11372 -1.14397e-18)
(-0.785074 0.102884 1.19779e-17)
(-0.207895 0.502614 1.38167e-17)
(-0.370991 0.411907 -8.86476e-18)
(-0.474402 0.348247 7.12353e-18)
(-0.555464 0.297857 -6.76483e-18)
(-0.620117 0.257439 2.14302e-18)
(-0.672532 0.224358 2.62698e-17)
(-0.71537 0.197156 -3.67066e-18)
(-0.750766 0.174233 -3.43033e-18)
(-0.780388 0.154938 2.60049e-17)
(-0.804786 0.140071 2.09876e-17)
(-0.296905 0.625113 8.97591e-18)
(-0.444337 0.512358 7.26476e-18)
(-0.536694 0.43294 -1.50732e-18)
(-0.609108 0.370304 2.61457e-18)
(-0.66678 0.320023 -1.89244e-17)
(-0.713445 0.278856 2.68804e-18)
(-0.751756 0.244823 1.89449e-17)
(-0.783303 0.216257 -1.45907e-17)
(-0.809449 0.192106 -1.047e-17)
(-0.830552 0.173448 7.96961e-18)
(-0.403991 0.732309 -4.11022e-17)
(-0.532551 0.600108 -2.12726e-18)
(-0.611638 0.50708 3.05839e-18)
(-0.67361 0.433845 1.39937e-17)
(-0.723043 0.37477 1.12593e-17)
(-0.763065 0.326521 -1.72742e-18)
(-0.795671 0.286575 3.99505e-18)
(-0.822691 0.253011 -5.89815e-19)
(-0.84507 0.224322 2.14133e-18)
(-0.862103 0.202267 -1.59609e-17)
(-0.526796 0.821751 -1.05926e-17)
(-0.633625 0.673327 -3.42555e-18)
(-0.697384 0.569017 -2.22572e-17)
(-0.747474 0.486622 -7.15642e-18)
(-0.787459 0.420396 8.5315e-18)
(-0.819749 0.36639 2.89243e-18)
(-0.846232 0.321491 9.76229e-18)
(-0.868201 0.283555 -2.49313e-17)
(-0.886507 0.251071 1.16047e-18)
(-0.899498 0.226217 4.3836e-17)
(-0.66218 0.891179 1.09675e-17)
(-0.745029 0.730138 -5.0851e-18)
(-0.792084 0.616883 1.35817e-19)
(-0.828928 0.527665 -2.10952e-17)
(-0.858341 0.45601 5.18386e-18)
(-0.882283 0.397384 1.17259e-17)
(-0.902014 0.348684 4.20818e-18)
(-0.918619 0.307617 -4.22221e-18)
(-0.932726 0.272452 -3.15626e-17)
(-0.942375 0.245791 1.58352e-17)
(-0.806896 0.938669 2.72202e-17)
(-0.864079 0.768972 2.02731e-17)
(-0.892981 0.649784 1.17928e-17)
(-0.91573 0.555839 7.64984e-18)
(-0.933963 0.480291 -8.64252e-18)
(-0.948843 0.418725 1.45388e-17)
(-0.961208 0.367736 1.72383e-17)
(-0.971839 0.324955 -4.54298e-18)
(-0.981564 0.288534 9.74146e-18)
(-0.988683 0.261754 -1.02692e-17)
(-0.957414 0.963258 3.60061e-17)
(-0.987775 0.789024 3.41054e-17)
(-0.998025 0.666587 2.34975e-18)
(-1.00597 0.570188 -1.50035e-17)
(-1.01232 0.492919 -5.4173e-18)
(-1.01762 0.429973 -1.28523e-17)
(-1.02204 0.377916 6.85187e-18)
(-1.02584 0.334688 9.05278e-18)
(-1.02905 0.298449 3.5038e-18)
(-1.02977 0.272806 -8.37431e-20)
(-0.790023 0.0124122 -5.52633e-18)
(-0.811927 0.0104949 -1.19355e-17)
(-0.830707 0.00902168 -5.83821e-18)
(-0.846886 0.00777505 -2.54866e-17)
(-0.860871 0.00672217 3.81474e-17)
(-0.872958 0.00583387 7.24061e-18)
(-0.883445 0.0050732 -3.91304e-17)
(-0.892571 0.00442271 1.31152e-17)
(-0.900523 0.00385781 -2.14423e-19)
(-0.907452 0.0033684 -2.12226e-19)
(-0.913485 0.00292279 6.67393e-18)
(-0.918732 0.00252567 -1.39746e-17)
(-0.923252 0.0021603 6.39628e-18)
(-0.927116 0.00182349 7.54241e-20)
(-0.930363 0.00150345 -7.2459e-18)
(-0.933023 0.00120686 2.76254e-17)
(-0.935135 0.000922133 4.86613e-17)
(-0.936697 0.000651776 -2.01901e-17)
(-0.937722 0.000387077 -3.47223e-17)
(-0.938273 0.000127815 2.75496e-17)
(-0.795711 0.0553054 -4.40872e-17)
(-0.816775 0.0468675 -1.24602e-17)
(-0.834786 0.0403188 4.01436e-18)
(-0.850366 0.0347866 -8.54114e-19)
(-0.863832 0.03012 3.9084e-18)
(-0.875502 0.0261658 -1.79804e-17)
(-0.885652 0.0227861 -7.26311e-18)
(-0.894502 0.0198911 3.24353e-17)
(-0.902231 0.0173709 -8.79281e-19)
(-0.909006 0.0151521 -8.18623e-19)
(-0.914929 0.0131615 4.92131e-18)
(-0.920077 0.0113618 -6.69343e-18)
(-0.924531 0.00970352 -1.37614e-17)
(-0.92835 0.00817308 2.93129e-17)
(-0.931554 0.00674598 7.11514e-18)
(-0.934174 0.00540409 -1.46283e-17)
(-0.936258 0.00412255 -2.81553e-17)
(-0.937799 0.00291303 2.91343e-19)
(-0.938813 0.00172729 2.75552e-17)
(-0.939356 0.00057101 -7.17224e-18)
(-0.807027 0.0904475 -1.61024e-17)
(-0.826482 0.0768318 1.27946e-17)
(-0.84301 0.066216 2.14828e-18)
(-0.857343 0.0572602 -3.32802e-18)
(-0.869778 0.0496999 -4.12925e-19)
(-0.880612 0.0432847 -3.89287e-17)
(-0.890072 0.0378082 1.13515e-17)
(-0.898377 0.0330778 3.34631e-17)
(-0.905704 0.0289314 -1.00298e-19)
(-0.912164 0.0252398 2.06195e-17)
(-0.917844 0.0219182 -1.90058e-17)
(-0.922826 0.0188926 -4.70127e-17)
(-0.927139 0.0161152 -3.41743e-17)
(-0.930823 0.0135444 3.38774e-17)
(-0.933927 0.0111534 8.22517e-17)
(-0.93648 0.00890385 -2.0476e-17)
(-0.938484 0.00678714 -5.45724e-17)
(-0.939971 0.00477218 1.37597e-17)
(-0.940958 0.00282966 2.07589e-17)
(-0.941478 0.000934452 -6.99033e-18)
(-0.823632 0.12312 -3.95503e-17)
(-0.840577 0.104894 -4.9942e-17)
(-0.85491 0.0906334 -1.45231e-17)
(-0.867432 0.0786441 1.36516e-17)
(-0.87836 0.0685263 3.72201e-17)
(-0.88796 0.0599381 -4.56861e-18)
(-0.896458 0.0525629 -7.20339e-18)
(-0.904034 0.0461082 9.55649e-18)
(-0.910808 0.0403801 -1.08303e-18)
(-0.916858 0.0352294 -1.53076e-18)
(-0.922216 0.0305507 2.25562e-18)
(-0.926922 0.026279 3.89708e-20)
(-0.931016 0.0223577 -4.711e-18)
(-0.934528 0.018733 2.49495e-17)
(-0.937476 0.0153737 8.42964e-18)
(-0.939873 0.0122426 -1.75679e-17)
(-0.941755 0.00930806 -6.83616e-18)
(-0.943147 0.00652063 -3.33188e-19)
(-0.944055 0.00386139 6.98104e-18)
(-0.94454 0.00127238 9.70804e-20)
(-0.845206 0.152383 1.88744e-17)
(-0.858639 0.130372 -7.23938e-18)
(-0.870047 0.113083 2.41152e-17)
(-0.880151 0.0986438 1.69457e-17)
(-0.889142 0.0864771 -3.45506e-17)
(-0.897217 0.0760603 -2.74543e-17)
(-0.904584 0.0669487 -2.527e-18)
(-0.911336 0.0588338 3.32198e-17)
(-0.917488 0.0515112 -2.25525e-17)
(-0.92305 0.0448669 -2.30688e-17)
(-0.928008 0.0388127 3.58042e-17)
(-0.932372 0.0332745 -3.83696e-17)
(-0.936162 0.0282054 -1.58095e-17)
(-0.939389 0.0235605 3.11335e-17)
(-0.94208 0.0192789 -6.42773e-18)
(-0.944267 0.0153231 7.04678e-18)
(-0.945968 0.0116226 1.94943e-17)
(-0.947203 0.008136 9.23961e-20)
(-0.948001 0.00480598 -1.26345e-17)
(-0.948417 0.00158181 -1.31799e-17)
(-0.871505 0.17741 -8.35233e-18)
(-0.880158 0.152785 -2.00331e-17)
(-0.887793 0.133403 2.14134e-17)
(-0.894887 0.117308 8.25974e-18)
(-0.901621 0.103589 -2.48676e-17)
(-0.908103 0.0915262 1.52441e-17)
(-0.914336 0.0806808 4.45744e-18)
(-0.920253 0.0708246 -2.62362e-17)
(-0.925739 0.0618491 3.29113e-17)
(-0.930723 0.0536799 3.75848e-17)
(-0.935178 0.0462613 -1.98482e-17)
(-0.939079 0.0395278 -6.38523e-18)
(-0.942426 0.0334129 -3.68943e-18)
(-0.945266 0.0278506 6.42498e-18)
(-0.947611 0.0227556 -1.22052e-17)
(-0.949489 0.0180622 -2.37095e-17)
(-0.950948 0.0136922 1.7021e-17)
(-0.951995 0.00958823 5.30343e-18)
(-0.952652 0.00566153 7.92672e-19)
(-0.95297 0.00186433 6.26654e-18)
(-0.902554 0.197868 1.70525e-17)
(-0.904557 0.172348 -2.48801e-19)
(-0.9074 0.152154 -2.96122e-17)
(-0.911093 0.135046 -2.76201e-17)
(-0.915593 0.119768 4.52934e-19)
(-0.920604 0.10578 3.91704e-17)
(-0.925779 0.0929342 -9.22446e-18)
(-0.930819 0.0811998 -4.50401e-18)
(-0.935518 0.0705758 -2.91945e-17)
(-0.939772 0.0610026 8.49102e-18)
(-0.943527 0.052416 3.34254e-17)
(-0.946793 0.0447099 -1.06219e-17)
(-0.949574 0.0377676 -1.59649e-17)
(-0.951906 0.0314739 -3.15976e-19)
(-0.953826 0.0257404 -7.76224e-18)
(-0.955356 0.0204497 1.04642e-17)
(-0.956514 0.0155303 3.44695e-17)
(-0.957342 0.010883 -2.20871e-17)
(-0.957856 0.00644125 -2.33065e-17)
(-0.958071 0.00212725 -1.71214e-19)
(-0.938689 0.21496 2.16057e-17)
(-0.931504 0.19102 -9.39703e-18)
(-0.92845 0.170651 -2.80791e-17)
(-0.928929 0.15171 1.26236e-17)
(-0.931528 0.133814 7.80314e-18)
(-0.935143 0.117244 1.79394e-17)
(-0.939083 0.102212 3.29964e-17)
(-0.942961 0.0887758 -1.31269e-17)
(-0.946558 0.0768654 9.9263e-18)
(-0.949792 0.0663372 -6.38039e-18)
(-0.952636 0.0570064 -2.22388e-17)
(-0.955111 0.0486834 3.42946e-17)
(-0.957228 0.0412161 1.07956e-17)
(-0.958999 0.0344491 -4.15017e-17)
(-0.960451 0.0282562 1.38186e-18)
(-0.961603 0.0225339 9.3855e-18)
(-0.962484 0.0171658 -1.88005e-17)
(-0.963103 0.0120656 -1.05968e-17)
(-0.963467 0.00716145 4.15394e-17)
(-0.963614 0.00237347 3.21303e-17)
(-0.979315 0.233035 -3.62697e-18)
(-0.961896 0.212151 6.16555e-18)
(-0.952713 0.187729 -1.04975e-17)
(-0.950148 0.163975 -5.35634e-17)
(-0.950465 0.142506 -5.21422e-18)
(-0.951968 0.123606 1.68814e-17)
(-0.953953 0.107182 1.13625e-17)
(-0.956075 0.0929545 3.55272e-17)
(-0.958163 0.0805822 -1.30247e-17)
(-0.960133 0.0697565 -2.69992e-17)
(-0.961949 0.0601737 9.66736e-18)
(-0.963579 0.0516289 -1.10955e-17)
(-0.965 0.0439303 -3.52226e-18)
(-0.966224 0.0369028 2.756e-18)
(-0.967235 0.0304199 4.46137e-18)
(-0.968052 0.0243573 -5.68698e-18)
(-0.968684 0.0186286 1.24725e-17)
(-0.969128 0.0131426 3.0507e-17)
(-0.969397 0.00782205 1.01238e-17)
(-0.969499 0.00259931 -4.53516e-18)
(-1.01585 0.248425 -2.53619e-17)
(-0.997662 0.223914 -1.1821e-17)
(-0.983986 0.195877 2.48215e-17)
(-0.975448 0.170183 1.43494e-17)
(-0.971131 0.147507 -2.33581e-17)
(-0.969172 0.127951 -1.97557e-17)
(-0.968474 0.111185 -2.37265e-17)
(-0.968549 0.0967141 1.50228e-18)
(-0.969063 0.084121 2.35631e-17)
(-0.969832 0.0730542 -5.49153e-18)
(-0.970707 0.0632289 -3.40662e-18)
(-0.971591 0.0544329 -2.07805e-17)
(-0.972455 0.0464453 2.5117e-17)
(-0.973244 0.0391139 3.14941e-17)
(-0.973936 0.0323221 -3.19918e-17)
(-0.974509 0.0259348 -3.89287e-17)
(-0.974965 0.0198698 -1.07418e-17)
(-0.975307 0.0140389 1.45457e-17)
(-0.975521 0.00836452 1.05231e-17)
(-0.975625 0.00278294 4.59427e-18)
(-1.05246 0.238042 0)
(-1.03419 0.212223 -6.0713e-18)
(-1.01693 0.18901 1.26492e-17)
(-1.00366 0.166811 -3.89395e-18)
(-0.994609 0.146577 -1.11046e-17)
(-0.98874 0.128594 2.12086e-18)
(-0.985006 0.112721 0)
(-0.982713 0.0987099 -5.02452e-18)
(-0.981371 0.0862934 0)
(-0.980667 0.0752202 0)
(-0.98037 0.0652898 0)
(-0.980337 0.0563023 0)
(-0.98047 0.0480965 -3.48136e-18)
(-0.98067 0.0405395 4.48321e-18)
(-0.9809 0.0334998 2.4373e-18)
(-0.981133 0.0268916 0)
(-0.981333 0.020591 -1.4851e-18)
(-0.981499 0.0145486 -5.43078e-19)
(-0.981616 0.00866238 -1.46875e-19)
(-0.981676 0.00287693 0)
(-1.07321 0.215719 -1.14807e-17)
(-1.05314 0.195066 0)
(-1.03597 0.17689 1.87172e-17)
(-1.02254 0.158946 -3.20942e-31)
(-1.01243 0.141736 -1.8292e-17)
(-1.00506 0.125819 0)
(-0.999727 0.111278 0)
(-0.995922 0.0981133 0)
(-0.99323 0.0862175 0)
(-0.991343 0.0754432 0)
(-0.990028 0.0656667 0)
(-0.989123 0.0567332 0)
(-0.98852 0.0485268 0)
(-0.988125 0.0409392 0)
(-0.987862 0.0338466 0)
(-0.9877 0.0271639 0)
(-0.987599 0.0208061 0)
(-0.987542 0.014688 0)
(-0.987519 0.00874782 0)
(-0.987503 0.00290434 0)
(-1.08892 0.191704 -8.68846e-18)
(-1.06938 0.176039 3.18056e-18)
(-1.05221 0.161653 2.19313e-17)
(-1.03845 0.147035 2.65652e-18)
(-1.02765 0.132679 -1.61697e-17)
(-1.01925 0.119059 2.15107e-18)
(-1.01282 0.106266 1.91993e-18)
(-1.0079 0.0944007 1.70557e-18)
(-1.00417 0.0834795 0)
(-1.00133 0.07344 1.32686e-18)
(-0.99917 0.0642048 1.16001e-18)
(-0.997546 0.0556736 1.00587e-18)
(-0.996316 0.0477611 8.62915e-19)
(-0.995388 0.0403823 7.296e-19)
(-0.994699 0.0334521 6.0439e-19)
(-0.994189 0.0268854 4.85748e-19)
(-0.993818 0.0206204 0)
(-0.993561 0.0145642 2.63137e-19)
(-0.993401 0.00867899 1.56806e-19)
(-0.993317 0.00288268 5.20823e-20)
(-1.09928 0.168886 -8.22127e-18)
(-1.0813 0.157554 -4.16833e-19)
(-1.06498 0.146571 1.92413e-17)
(-1.05152 0.134891 -3.83981e-31)
(-1.04041 0.123057 -1.87974e-17)
(-1.03148 0.11144 2.13949e-32)
(-1.02438 0.10031 -1.3741e-31)
(-1.01871 0.0897677 1.84053e-17)
(-1.01419 0.0798751 -3.96256e-31)
(-1.01062 0.0706478 -1.82591e-17)
(-1.00779 0.0620314 7.00414e-32)
(-1.00557 0.0539875 1.02722e-31)
(-1.00381 0.0464617 3.5455e-31)
(-1.00243 0.0393768 6.20882e-32)
(-1.00136 0.0326864 2.28785e-31)
(-1.00053 0.0263131 1.80769e-17)
(-0.99992 0.0202028 -1.38029e-31)
(-0.999483 0.0142935 -1.8058e-17)
(-0.999201 0.00851811 1.29073e-31)
(-0.999054 0.00283009 1.05162e-31)
(-1.10624 0.148649 1.45389e-17)
(-1.09011 0.140538 -2.53914e-18)
(-1.07488 0.132107 1.70333e-17)
(-1.06196 0.122903 -2.22052e-18)
(-1.0511 0.113157 -2.1035e-17)
(-1.042 0.103365 -1.86753e-18)
(-1.03449 0.0937587 -1.69397e-18)
(-1.02834 0.0844849 -1.52642e-18)
(-1.02329 0.0756211 0)
(-1.01917 0.0672213 -1.21451e-18)
(-1.01583 0.0592779 -1.07099e-18)
(-1.01312 0.0517831 -9.35581e-19)
(-1.01093 0.0446982 -8.07577e-19)
(-1.00916 0.0379923 -6.86419e-19)
(-1.00776 0.0316035 -5.70991e-19)
(-1.00667 0.0254855 -4.60454e-19)
(-1.00584 0.0195917 0)
(-1.00525 0.0138681 -2.5056e-19)
(-1.00486 0.00827292 -1.49469e-19)
(-1.00466 0.00274965 -4.96787e-20)
(-1.11109 0.130969 5.87591e-18)
(-1.09653 0.124991 0)
(-1.08261 0.118649 1.95599e-17)
(-1.07047 0.111223 -7.37745e-32)
(-1.05995 0.103334 -1.91504e-17)
(-1.05088 0.0951123 0)
(-1.04326 0.0868749 0)
(-1.03685 0.0787768 0)
(-1.03145 0.0709107 0)
(-1.02696 0.0633386 0)
(-1.02323 0.0560913 0)
(-1.02015 0.0491765 0)
(-1.0176 0.0425789 0)
(-1.01553 0.036283 0)
(-1.01387 0.0302423 0)
(-1.01254 0.0244336 0)
(-1.01154 0.0188028 0)
(-1.0108 0.0133267 0)
(-1.01032 0.00795348 0)
(-1.01007 0.00264446 0)
(-1.11454 0.115469 0)
(-1.10133 0.110991 0)
(-1.08864 0.106119 1.96689e-17)
(-1.07727 0.10024 -3.52895e-31)
(-1.06721 0.0937433 -1.92816e-17)
(-1.05846 0.0868981 0)
(-1.05083 0.0798674 0)
(-1.0443 0.0728289 0)
(-1.03872 0.0658987 0)
(-1.03399 0.059131 0)
(-1.02999 0.0525798 0)
(-1.02663 0.0462529 0)
(-1.02382 0.0401735 0)
(-1.0215 0.0343107 0)
(-1.01961 0.0286567 0)
(-1.01811 0.0231883 0)
(-1.01694 0.0178669 0)
(-1.01609 0.0126847 0)
(-1.01555 0.00757139 0)
(-1.01525 0.00251761 0)
(-1.11695 0.101639 -1.6583e-17)
(-1.10496 0.0983067 0)
(-1.09336 0.0945167 1.97541e-17)
(-1.08284 0.089876 1.62382e-18)
(-1.07329 0.0845391 -1.93915e-17)
(-1.06475 0.0788387 0)
(-1.05733 0.0728676 0)
(-1.05081 0.0667882 0)
(-1.04515 0.0607088 0)
(-1.04028 0.054699 0)
(-1.03611 0.0488207 0)
(-1.03255 0.0430971 0)
(-1.02954 0.0375282 0)
(-1.02705 0.0321295 0)
(-1.02499 0.0268932 0)
(-1.02333 0.0217883 0)
(-1.02204 0.0168227 0)
(-1.0211 0.0119422 0)
(-1.02049 0.00713593 0)
(-1.02015 0.00237375 0)
(-1.11867 0.0892209 0)
(-1.10767 0.0866274 0)
(-1.09707 0.0837656 0)
(-1.08725 0.080053 -6.53119e-32)
(-1.07825 0.075799 0)
(-1.07013 0.0710345 0)
(-1.06288 0.0659761 0)
(-1.05646 0.0607552 0)
(-1.05081 0.055457 0)
(-1.04588 0.0501588 0)
(-1.04159 0.0449148 0)
(-1.03792 0.0397635 0)
(-1.03479 0.0347206 0)
(-1.03213 0.0297859 0)
(-1.02995 0.0249827 0)
(-1.02818 0.0202801 0)
(-1.02679 0.0156703 0)
(-1.02578 0.0111301 0)
(-1.02511 0.00665716 0)
(-1.02475 0.00221596 0)
(-1.11984 0.0779648 0)
(-1.10976 0.0761084 0)
(-1.09994 0.0738654 1.98729e-17)
(-1.09081 0.0710036 -1.28284e-18)
(-1.08231 0.0674456 -1.95544e-17)
(-1.07457 0.0635319 0)
(-1.06761 0.0592624 0)
(-1.06133 0.0547919 0)
(-1.05575 0.0501975 0)
(-1.05082 0.0455645 0)
(-1.04651 0.0409237 0)
(-1.04275 0.0363216 0)
(-1.03952 0.0317969 0)
(-1.03678 0.0273418 0)
(-1.03449 0.022964 0)
(-1.03265 0.0186713 0)
(-1.03119 0.0144405 0)
(-1.03011 0.0102638 0)
(-1.0294 0.00614591 0)
(-1.02902 0.00204503 0)
(-1.1205 0.0678299 0)
(-1.11123 0.0665175 0)
(-1.10218 0.0648159 1.99134e-17)
(-1.09367 0.0624955 -1.36704e-31)
(-1.08572 0.0596337 -1.9616e-17)
(-1.07831 0.056331 0)
(-1.07162 0.0527499 0)
(-1.06553 0.0489368 0)
(-1.06004 0.0449844 0)
(-1.05515 0.0409469 0)
(-1.05084 0.0368863 0)
(-1.04705 0.0328333 0)
(-1.04377 0.0287959 0)
(-1.04097 0.0248126 0)
(-1.03862 0.0208679 0)
(-1.03671 0.0169852 0)
(-1.0352 0.0131565 0)
(-1.03408 0.00936659 0)
(-1.03333 0.00560217 0)
(-1.03294 0.00186558 0)
(-1.12088 0.0585408 0)
(-1.11231 0.0575454 0)
(-1.10396 0.0563078 1.99456e-17)
(-1.09599 0.0544515 -1.35088e-31)
(-1.08847 0.0522085 -1.96658e-17)
(-1.08146 0.0494472 0)
(-1.07501 0.0464462 0)
(-1.0691 0.0432286 0)
(-1.06374 0.0398564 0)
(-1.05892 0.0363758 0)
(-1.05462 0.0328488 0)
(-1.05084 0.0292986 0)
(-1.04754 0.0257485 0)
(-1.04471 0.0222215 0)
(-1.04232 0.0187177 0)
(-1.04036 0.0152526 0)
(-1.03881 0.0118185 0)
(-1.03767 0.00842297 0)
(-1.0369 0.00504295 0)
(-1.03649 0.00167918 0)
(-1.12108 0.0499672 -2.02205e-17)
(-1.11309 0.0492694 0)
(-1.10527 0.0483412 1.99693e-17)
(-1.09777 0.046949 -1.34947e-31)
(-1.09072 0.0450927 -1.97065e-17)
(-1.08407 0.0428574 0)
(-1.07784 0.0403746 0)
(-1.07212 0.0376829 0)
(-1.06689 0.0348289 0)
(-1.06216 0.0318665 0)
(-1.05791 0.0288346 0)
(-1.05415 0.0257639 0)
(-1.05084 0.0226778 0)
(-1.048 0.0195995 0)
(-1.04559 0.0165366 0)
(-1.04361 0.0134891 0)
(-1.04203 0.0104649 0)
(-1.04085 0.00745615 0)
(-1.04008 0.00447059 0)
(-1.03966 0.00148814 0)
(-1.12107 0.0420911 3.04918e-17)
(-1.11363 0.0416121 0)
(-1.10628 0.040916 1.99875e-17)
(-1.09924 0.0398331 -1.27897e-31)
(-1.09257 0.0382862 -1.97397e-17)
(-1.08618 0.0365459 0)
(-1.08018 0.0345195 0)
(-1.07464 0.0322842 0)
(-1.06955 0.0299019 0)
(-1.06491 0.0274191 0)
(-1.06072 0.024859 0)
(-1.05699 0.0222524 0)
(-1.05371 0.0196149 0)
(-1.05085 0.0169697 0)
(-1.04843 0.0143322 0)
(-1.04643 0.0117102 0)
(-1.04484 0.00908815 0)
(-1.04366 0.00648159 0)
(-1.04287 0.00388277 0)
(-1.04244 0.001294 0)
(-1.12101 0.0347701 1.95968e-17)
(-1.11401 0.0344189 0)
(-1.10705 0.0339549 2.00015e-17)
(-1.1004 0.0330267 6.82204e-32)
(-1.09401 0.0318665 -1.97659e-17)
(-1.08784 0.0304898 0)
(-1.0821 0.02885 0)
(-1.07673 0.0270324 0)
(-1.07176 0.0250833 0)
(-1.0672 0.0230413 0)
(-1.06308 0.0209221 0)
(-1.05939 0.0187487 0)
(-1.05613 0.0165598 0)
(-1.05328 0.0143399 0)
(-1.05085 0.0121278 0)
(-1.04885 0.00990801 0)
(-1.04726 0.00769592 0)
(-1.04606 0.00549156 0)
(-1.04527 0.00329494 0)
(-1.04484 0.00109677 0)
(-1.12087 0.0278365 0)
(-1.11425 0.0276898 0)
(-1.10767 0.0273031 2.00126e-17)
(-1.10133 0.026607 4.80717e-19)
(-1.0951 0.0257562 -1.97856e-17)
(-1.08919 0.0246501 0)
(-1.08364 0.0233585 0)
(-1.07841 0.0219276 0)
(-1.07355 0.0203807 0)
(-1.06908 0.0187409 0)
(-1.06501 0.0170316 0)
(-1.06136 0.0152836 0)
(-1.05812 0.0135123 0)
(-1.05528 0.0117179 0)
(-1.05286 0.00991575 0)
(-1.05086 0.00809812 0)
(-1.04926 0.00630369 0)
(-1.04806 0.0044938 0)
(-1.04726 0.00269937 0)
(-1.04683 0.00089876 0)
(-1.12065 0.0212268 -1.8956e-17)
(-1.1144 0.0211928 0)
(-1.10814 0.0208834 0)
(-1.10195 0.0204967 -3.70348e-32)
(-1.09597 0.0198006 0)
(-1.09024 0.0189807 0)
(-1.08482 0.0180139 0)
(-1.07971 0.016931 0)
(-1.07495 0.0157554 0)
(-1.07055 0.0145024 0)
(-1.06654 0.0131952 0)
(-1.06291 0.0118571 0)
(-1.05969 0.0104804 0)
(-1.05688 0.00910361 0)
(-1.05447 0.00769592 0)
(-1.05246 0.00629596 0)
(-1.05086 0.004896 0)
(-1.04966 0.00349604 0)
(-1.04886 0.00209607 0)
(-1.04843 0.000699207 0)
(-1.12051 0.0150039 -9.92419e-18)
(-1.11448 0.0149278 0)
(-1.10837 0.0147731 2.00252e-17)
(-1.10241 0.0144637 -2.6132e-19)
(-1.09662 0.014077 -1.98129e-17)
(-1.09098 0.0134505 0)
(-1.08569 0.0127775 0)
(-1.08067 0.0120196 0)
(-1.07597 0.011192 0)
(-1.07164 0.0103102 0)
(-1.06766 0.00939753 0)
(-1.06407 0.00844617 0)
(-1.06087 0.00747162 0)
(-1.05807 0.00648932 0)
(-1.05567 0.00549156 0)
(-1.05366 0.00450153 0)
(-1.05206 0.00349604 0)
(-1.05086 0.00249827 0)
(-1.05006 0.00149278 0)
(-1.04963 0.000498881 0)
(-1.1204 0.00893897 -4.275e-18)
(-1.11455 0.00889478 0)
(-1.1086 0.00881744 2.00294e-17)
(-1.10264 0.0085854 -7.23926e-32)
(-1.09698 0.00843071 -1.98195e-17)
(-1.09154 0.00803624 0)
(-1.08625 0.00763404 0)
(-1.0813 0.00718544 0)
(-1.07666 0.00669816 0)
(-1.07235 0.0061722 0)
(-1.0684 0.00562305 0)
(-1.06484 0.00505842 0)
(-1.06165 0.00447833 0)
(-1.05886 0.0038905 0)
(-1.05646 0.00329494 0)
(-1.05446 0.00269937 0)
(-1.05286 0.00209607 0)
(-1.05166 0.00150051 0)
(-1.05086 0.000897213 0)
(-1.05043 0.000300102 0)
(-1.1204 0.00196966 0)
(-1.11455 0.00195943 0)
(-1.10868 0.00195943 2.00308e-17)
(-1.1028 0.00190787 -7.11619e-32)
(-1.09717 0.0018563 -1.98229e-17)
(-1.09178 0.00178411 0)
(-1.08654 0.00169645 0)
(-1.08161 0.00159333 0)
(-1.07699 0.0014902 0)
(-1.07271 0.0013716 0)
(-1.06877 0.00124785 0)
(-1.06522 0.00112409 0)
(-1.06204 0.000995184 0)
(-1.05925 0.000866274 0)
(-1.05686 0.000732208 0)
(-1.05486 0.000598142 0)
(-1.05326 0.000464076 0)
(-1.05206 0.000335166 0)
(-1.05126 0.000201099 0)
(-1.05083 6.70331e-05 0)
(-1.31312 0.0162064 -9.45977e-18)
(-1.30686 0.0521152 -9.87416e-19)
(-1.29455 0.0863646 -2.27078e-17)
(-1.2763 0.118463 -1.00236e-18)
(-1.25262 0.147748 2.0044e-17)
(-1.22383 0.173968 -8.87752e-18)
(-1.19026 0.197447 3.43891e-18)
(-1.15266 0.218968 5.73265e-18)
(-1.11173 0.23867 4.76297e-18)
(-1.06633 0.252479 -3.99292e-18)
(-1.29168 0.013662 3.89906e-18)
(-1.28686 0.0444728 -9.31216e-19)
(-1.27721 0.0741502 5.38156e-18)
(-1.26282 0.101811 -7.87399e-18)
(-1.24369 0.127295 -4.83773e-18)
(-1.21961 0.150556 -1.9722e-17)
(-1.19005 0.17208 -3.06394e-18)
(-1.1549 0.192153 1.18227e-17)
(-1.1182 0.211009 8.3581e-18)
(-1.08728 0.224989 -5.39045e-18)
(-1.27316 0.0114412 -1.26722e-17)
(-1.26922 0.0381301 -1.60992e-17)
(-1.26121 0.0640572 4.6959e-18)
(-1.24897 0.0886585 1.76461e-17)
(-1.23219 0.111801 1.5121e-19)
(-1.21035 0.133523 -4.07782e-18)
(-1.18341 0.153398 -5.54708e-18)
(-1.15285 0.170792 -2.44392e-18)
(-1.12539 0.183764 -1.21021e-18)
(-1.10377 0.193689 2.55328e-18)
(-1.25702 0.00970701 -4.49969e-19)
(-1.25363 0.0329529 -3.99636e-18)
(-1.24677 0.0556955 1.94302e-17)
(-1.23607 0.0777937 -1.48781e-17)
(-1.22104 0.098739 -2.83652e-17)
(-1.20158 0.118319 2.08654e-17)
(-1.17831 0.135662 2.58601e-17)
(-1.15377 0.149635 5.79957e-18)
(-1.13306 0.159004 -3.65673e-17)
(-1.11423 0.167712 -1.89253e-17)
(-1.24286 0.00826596 8.79523e-18)
(-1.23992 0.028645 -2.73104e-17)
(-1.23375 0.0486749 -8.01068e-18)
(-1.22416 0.0682517 3.5268e-18)
(-1.21087 0.0870682 3.64263e-18)
(-1.19397 0.104178 3.1597e-17)
(-1.17456 0.118962 -8.32355e-18)
(-1.15534 0.13024 2.27104e-18)
(-1.13832 0.138366 -1.41138e-17)
(-1.12056 0.146593 -2.30012e-17)
(-1.23031 0.00701681 -3.96789e-18)
(-1.22768 0.025015 1.88428e-17)
(-1.22218 0.0427096 -2.90277e-18)
(-1.21353 0.0599278 7.6212e-18)
(-1.20184 0.0763085 1.2666e-17)
(-1.1875 0.0911986 -6.07927e-18)
(-1.17165 0.103648 1.05265e-17)
(-1.15606 0.113233 6.11842e-18)
(-1.1413 0.120891 -1.81799e-17)
(-1.12474 0.128698 -5.71516e-18)
(-1.21927 0.00605983 1.95245e-17)
(-1.21683 0.0217657 -1.00208e-19)
(-1.21185 0.0373085 -1.51947e-17)
(-1.20419 0.0524469 -4.69262e-18)
(-1.19404 0.0665469 -8.75958e-18)
(-1.18189 0.0793822 -7.16178e-18)
(-1.16894 0.0900046 -9.42356e-18)
(-1.15587 0.0986298 9.09992e-18)
(-1.14275 0.105737 1.33082e-17)
(-1.12728 0.113159 -7.14693e-18)
(-1.20951 0.00520175 -4.15323e-18)
(-1.20734 0.0188966 -1.10913e-17)
(-1.2028 0.0324737 2.15075e-18)
(-1.19602 0.0456104 1.70494e-17)
(-1.18718 0.05789 1.10754e-17)
(-1.17701 0.0687318 -7.17833e-18)
(-1.16613 0.0780359 -1.29224e-17)
(-1.1549 0.0858377 -5.19882e-18)
(-1.14303 0.0925725 2.1458e-17)
(-1.12879 0.0994248 -2.63183e-18)
(-1.20097 0.00433621 1.2409e-17)
(-1.19897 0.0163137 -1.18726e-17)
(-1.19486 0.0281089 1.37288e-19)
(-1.18885 0.0394248 -4.38902e-18)
(-1.18133 0.0499617 1.07634e-17)
(-1.17264 0.0593398 1.49823e-17)
(-1.16329 0.0674861 -1.9306e-17)
(-1.15346 0.0745004 -1.56234e-17)
(-1.14255 0.0809046 3.52305e-18)
(-1.12969 0.0870355 1.91055e-17)
(-1.19354 0.00366602 1.2455e-17)
(-1.19168 0.014115 -1.20696e-17)
(-1.18799 0.0242155 1.1703e-18)
(-1.18272 0.0338881 3.29369e-17)
(-1.1761 0.0428568 -1.50575e-17)
(-1.16862 0.0510395 -3.75422e-20)
(-1.16053 0.0581673 -4.41743e-18)
(-1.15154 0.0646259 -8.09362e-18)
(-1.14167 0.0703962 1.37302e-17)
(-1.13002 0.0759225 -1.3492e-17)
(-1.18698 0.00309253 4.19391e-20)
(-1.18535 0.0121062 -2.40808e-17)
(-1.18211 0.0206959 3.71877e-18)
(-1.1774 0.029007 2.04135e-17)
(-1.1716 0.0366752 -1.4153e-17)
(-1.165 0.0436372 -9.44859e-18)
(-1.15768 0.0500027 1.57766e-17)
(-1.14957 0.0557813 1.54826e-17)
(-1.14057 0.060956 3.00122e-19)
(-1.13 0.0659079 -9.3178e-18)
(-1.18135 0.0026159 9.05295e-18)
(-1.17995 0.0101844 4.08573e-18)
(-1.17702 0.0175535 1.86601e-18)
(-1.1728 0.02459 -4.23022e-18)
(-1.16764 0.0311361 -2.52951e-18)
(-1.1617 0.0371411 -4.64771e-19)
(-1.15504 0.0427181 3.27037e-18)
(-1.14755 0.0477892 7.24315e-18)
(-1.13927 0.0524263 -5.20558e-18)
(-1.12968 0.056776 -6.32034e-18)
(-1.17655 0.00213705 -4.06428e-18)
(-1.17535 0.00855042 -4.27933e-18)
(-1.17268 0.0147907 -1.76141e-18)
(-1.16887 0.0207341 1.65141e-17)
(-1.16421 0.0262418 -1.40332e-17)
(-1.15874 0.0313665 -2.53436e-17)
(-1.15257 0.0362267 -1.8587e-17)
(-1.14565 0.040651 1.93337e-17)
(-1.13801 0.044552 4.35392e-17)
(-1.12928 0.0483542 -1.89066e-17)
(-1.17251 0.0016533 -1.39575e-19)
(-1.17143 0.00700877 2.94918e-17)
(-1.16899 0.0123095 7.75017e-19)
(-1.16554 0.0171544 -1.54908e-17)
(-1.16128 0.0218038 -2.87176e-18)
(-1.15614 0.0261316 4.16873e-19)
(-1.15036 0.0302601 -3.84876e-19)
(-1.144 0.0340211 5.86905e-18)
(-1.13684 0.0374153 -2.8485e-17)
(-1.12869 0.0406534 -1.27688e-17)
(-1.16919 0.00136709 -3.83231e-17)
(-1.16813 0.00565686 -2.48524e-17)
(-1.16596 0.0100144 2.94869e-18)
(-1.16282 0.0139432 1.79903e-17)
(-1.15876 0.017826 -4.21366e-19)
(-1.15394 0.0214347 -4.64515e-18)
(-1.14849 0.0247277 2.0849e-17)
(-1.14243 0.0279003 8.76553e-18)
(-1.13566 0.0307741 -2.67987e-17)
(-1.12817 0.0335074 -8.4456e-18)
(-1.16645 0.00107931 1.2807e-17)
(-1.16553 0.00459552 -2.55552e-17)
(-1.16347 0.00790329 9.35252e-20)
(-1.16051 0.0111094 3.76145e-17)
(-1.15668 0.0141187 8.39923e-18)
(-1.15219 0.0170017 2.49407e-18)
(-1.14697 0.0197169 -8.76209e-18)
(-1.14116 0.0222022 -8.01843e-18)
(-1.1347 0.0245392 -6.61791e-19)
(-1.12756 0.0267628 -1.07242e-17)
(-1.1643 0.000687825 -8.10769e-18)
(-1.16345 0.00343034 3.75243e-18)
(-1.1616 0.00597746 2.83461e-18)
(-1.15879 0.00845424 -2.53671e-19)
(-1.15514 0.0106792 4.89804e-18)
(-1.15071 0.0128338 -8.18043e-18)
(-1.14573 0.014967 -2.27673e-18)
(-1.14013 0.0169246 2.22078e-17)
(-1.13383 0.0187974 1.77133e-17)
(-1.12712 0.0204149 -1.68955e-17)
(-1.16275 0.00049386 3.70744e-18)
(-1.16189 0.00235673 3.77495e-17)
(-1.1601 0.00414304 -1.24395e-17)
(-1.15748 0.00588688 -8.66917e-18)
(-1.15401 0.00751162 -8.53846e-18)
(-1.14971 0.00911148 -8.50047e-18)
(-1.14478 0.0104736 2.064e-17)
(-1.13926 0.011987 8.13716e-18)
(-1.13328 0.0132151 -7.39207e-18)
(-1.1268 0.0143864 -8.29653e-19)
(-1.16168 0.00039869 -1.33415e-17)
(-1.16094 0.00147571 -1.67985e-17)
(-1.15924 0.00249314 5.0891e-18)
(-1.15663 0.00350013 8.86661e-18)
(-1.15317 0.00452444 -4.53144e-19)
(-1.14904 0.00547216 9.19711e-18)
(-1.14421 0.00632557 7.73335e-18)
(-1.1388 0.00712575 -2.1041e-17)
(-1.13291 0.00787627 -4.42532e-18)
(-1.1265 0.00859518 1.31726e-17)
(-1.16116 0.000100582 1.54067e-19)
(-1.16046 0.000329077 3.96298e-18)
(-1.15877 0.00057352 -1.08053e-19)
(-1.15623 0.000817835 1.30556e-17)
(-1.15289 0.00104081 -5.00966e-18)
(-1.14881 0.00121589 3.60251e-19)
(-1.14405 0.00142935 -1.25629e-17)
(-1.13866 0.00157557 -1.66053e-17)
(-1.13278 0.00177169 1.77607e-17)
(-1.12648 0.00190572 9.21004e-18)
(-1.07541 -0.27601 2.95961e-17)
(-1.08137 -0.305678 -2.25604e-19)
(-1.08393 -0.341656 -1.15271e-17)
(-1.08709 -0.384534 -6.63982e-18)
(-1.09087 -0.436096 -2.92022e-18)
(-1.09555 -0.498755 -7.45062e-18)
(-1.1012 -0.575805 -1.60489e-17)
(-1.1085 -0.672165 -1.09104e-18)
(-1.11778 -0.794448 6.85052e-18)
(-1.11526 -0.968942 -3.44168e-17)
(-1.11949 -0.267903 -1.58578e-17)
(-1.12888 -0.298382 -2.08966e-17)
(-1.13726 -0.333496 4.30048e-18)
(-1.14721 -0.375281 -1.01111e-17)
(-1.15912 -0.425566 1.19889e-17)
(-1.17347 -0.486739 -2.04511e-17)
(-1.19126 -0.56185 1.77136e-17)
(-1.21347 -0.655694 2.93233e-17)
(-1.24164 -0.77514 5.7381e-18)
(-1.2662 -0.945333 1.21268e-16)
(-1.16147 -0.251817 -1.17497e-17)
(-1.17451 -0.283331 0)
(-1.1886 -0.316789 6.17323e-18)
(-1.20519 -0.356579 5.83973e-18)
(-1.22485 -0.404393 3.34878e-18)
(-1.24865 -0.462494 6.14642e-19)
(-1.27796 -0.534044 4.48103e-17)
(-1.31443 -0.623226 -3.18142e-18)
(-1.36099 -0.736628 -1.90849e-17)
(-1.41173 -0.898458 1.86849e-17)
(-1.20107 -0.230235 -2.87094e-18)
(-1.21798 -0.260614 3.16192e-18)
(-1.23718 -0.2919 -1.84938e-20)
(-1.25967 -0.328895 -8.08735e-18)
(-1.28654 -0.373232 -1.30628e-17)
(-1.31913 -0.426907 1.88021e-17)
(-1.35916 -0.492926 -3.53928e-19)
(-1.40921 -0.575334 -7.99675e-18)
(-1.4729 -0.679991 4.59534e-17)
(-1.54802 -0.829331 -5.94317e-17)
(-1.23764 -0.204326 -4.00084e-18)
(-1.25801 -0.231839 -4.62687e-18)
(-1.2815 -0.259989 -1.48594e-17)
(-1.3093 -0.293182 1.79229e-17)
(-1.34269 -0.332775 -3.15098e-18)
(-1.38318 -0.380777 3.64774e-18)
(-1.43291 -0.439687 -1.77091e-17)
(-1.49524 -0.513232 1.59917e-18)
(-1.5744 -0.606621 -1.65301e-17)
(-1.67181 -0.739811 3.04016e-17)
(-1.26976 -0.174381 -2.9492e-18)
(-1.29317 -0.197797 -1.43223e-17)
(-1.32042 -0.221963 7.75753e-18)
(-1.35293 -0.2504 -6.0844e-18)
(-1.39188 -0.284275 -4.69218e-18)
(-1.4392 -0.325355 -1.69098e-17)
(-1.49748 -0.375659 -2.02348e-17)
(-1.5704 -0.438426 -2.00367e-17)
(-1.66327 -0.518244 -4.8095e-17)
(-1.78009 -0.631943 -5.17061e-17)
(-1.2966 -0.140668 -5.76374e-18)
(-1.32255 -0.159179 4.83991e-18)
(-1.35299 -0.17863 -5.79844e-18)
(-1.3892 -0.201565 -1.87031e-17)
(-1.43283 -0.228957 1.04553e-18)
(-1.48578 -0.261966 9.4753e-18)
(-1.55121 -0.302508 1.20185e-17)
(-1.63293 -0.352883 -2.01521e-17)
(-1.73707 -0.417084 6.77259e-18)
(-1.87 -0.508559 -3.29985e-17)
(-1.31743 -0.103638 1.67578e-17)
(-1.34526 -0.116942 1.36243e-17)
(-1.37807 -0.131287 3.83462e-21)
(-1.41724 -0.148008 1.35424e-17)
(-1.46434 -0.168028 -2.19751e-17)
(-1.52177 -0.192223 1.83569e-17)
(-1.59254 -0.221798 9.06867e-18)
(-1.68115 -0.258757 1.3649e-17)
(-1.79383 -0.305638 5.52895e-19)
(-1.93945 -0.372518 4.38739e-17)
(-1.33151 -0.0640554 -1.55958e-17)
(-1.36069 -0.0721193 -7.76488e-18)
(-1.39516 -0.0807132 1.04052e-17)
(-1.43631 -0.0909955 -1.8908e-18)
(-1.48583 -0.103168 5.53499e-19)
(-1.54625 -0.117826 2.5118e-18)
(-1.62059 -0.135832 -9.98399e-18)
(-1.71382 -0.158259 2.03903e-17)
(-1.83258 -0.186693 -2.27586e-19)
(-1.98644 -0.227243 -4.53714e-17)
(-1.33862 -0.0228492 9.85142e-18)
(-1.3684 -0.0254759 -3.85545e-18)
(-1.40369 -0.0284592 -5.56204e-18)
(-1.4458 -0.0318056 6.48676e-18)
(-1.49662 -0.0357957 2.35568e-17)
(-1.55848 -0.04071 9.73713e-18)
(-1.63477 -0.0465928 4.30599e-19)
(-1.73027 -0.0538203 6.45867e-18)
(-1.85196 -0.0632706 -1.55935e-19)
(-2.01006 -0.0765578 3.29927e-17)
(-0.774952 -0.014572 -1.81935e-17)
(-0.744319 -0.0159994 -2.69107e-17)
(-0.708479 -0.0178953 5.11298e-18)
(-0.665911 -0.0201349 9.76582e-18)
(-0.614833 -0.0228519 0)
(-0.552785 -0.0261049 -4.43463e-18)
(-0.476319 -0.0301651 -1.46004e-17)
(-0.380715 -0.0351912 5.43777e-18)
(-0.259001 -0.0415606 7.24446e-18)
(-0.0693723 -0.0507177 0)
(-0.781424 -0.0649677 3.60759e-17)
(-0.751884 -0.0713507 2.82847e-17)
(-0.717009 -0.079793 5.20652e-18)
(-0.675519 -0.0897742 8.63763e-19)
(-0.62569 -0.101893 -3.49708e-18)
(-0.565172 -0.116488 -1.27578e-18)
(-0.490609 -0.134605 1.05506e-17)
(-0.397222 -0.157051 2.88411e-18)
(-0.278496 -0.185701 -1.23541e-18)
(-0.0933845 -0.226327 4.48148e-22)
(-0.794316 -0.106244 1.818e-17)
(-0.766668 -0.116748 -2.09149e-17)
(-0.733612 -0.130603 -4.81645e-18)
(-0.694289 -0.147058 1.34705e-17)
(-0.647038 -0.166874 -9.64531e-18)
(-0.589614 -0.190954 -2.01562e-18)
(-0.518745 -0.220545 -2.03489e-18)
(-0.430042 -0.257406 -1.47773e-18)
(-0.317141 -0.304337 2.74885e-18)
(-0.140336 -0.370982 -9.48539e-18)
(-0.813439 -0.144576 -1.52275e-17)
(-0.788487 -0.159 -1.29309e-17)
(-0.758174 -0.177974 2.52402e-18)
(-0.721995 -0.200667 -3.58735e-18)
(-0.678515 -0.227798 5.56215e-19)
(-0.62552 -0.260666 1.42329e-19)
(-0.560043 -0.301079 2.72483e-18)
(-0.478162 -0.351531 5.36401e-18)
(-0.373902 -0.415463 -1.83993e-17)
(-0.209502 -0.506702 -1.01373e-17)
(-0.838521 -0.178934 3.19775e-18)
(-0.817002 -0.197101 2.53375e-17)
(-0.790237 -0.220844 -3.47243e-18)
(-0.758161 -0.249133 -1.8708e-17)
(-0.719266 -0.283022 -6.16389e-18)
(-0.671997 -0.324003 8.93796e-18)
(-0.613683 -0.374254 6.87639e-18)
(-0.540582 -0.43705 -4.81364e-18)
(-0.447541 -0.516611 3.47357e-18)
(-0.299098 -0.629996 3.89692e-17)
(-0.869394 -0.208511 5.85875e-19)
(-0.851905 -0.230052 8.54713e-19)
(-0.829112 -0.258316 -1.84353e-17)
(-0.801747 -0.291603 -1.13198e-17)
(-0.768595 -0.331309 3.21201e-18)
(-0.728158 -0.379383 1.12127e-17)
(-0.678205 -0.438278 -5.5848e-19)
(-0.615673 -0.511733 3.20946e-19)
(-0.536081 -0.605072 2.94505e-17)
(-0.406849 -0.737808 1.49909e-17)
(-0.905866 -0.233005 -1.28105e-17)
(-0.892695 -0.257402 5.19806e-18)
(-0.874215 -0.289374 6.48735e-18)
(-0.851905 -0.326906 -1.02674e-18)
(-0.824996 -0.371654 -8.67346e-18)
(-0.792255 -0.42547 4.15287e-18)
(-0.751978 -0.491569 -2.14859e-18)
(-0.701617 -0.573893 2.98335e-18)
(-0.637474 -0.67854 -8.84151e-18)
(-0.530247 -0.82761 -3.39302e-17)
(-0.948092 -0.252865 -2.12131e-17)
(-0.938382 -0.279118 5.19751e-18)
(-0.923942 -0.313963 6.16632e-18)
(-0.907224 -0.354497 -1.32115e-17)
(-0.887139 -0.402845 -3.70333e-18)
(-0.862949 -0.461286 1.53034e-17)
(-0.833375 -0.532871 -9.97185e-18)
(-0.796329 -0.622142 -1.17853e-17)
(-0.749216 -0.735472 -1.03433e-17)
(-0.666279 -0.897054 0)
(-0.993721 -0.269315 -8.30224e-18)
(-0.986494 -0.295444 -2.86759e-19)
(-0.976731 -0.331491 7.17153e-18)
(-0.965831 -0.373932 4.66769e-18)
(-0.953298 -0.424537 1.38277e-17)
(-0.938451 -0.485822 2.7736e-18)
(-0.920158 -0.561128 -4.53654e-18)
(-0.897365 -0.655029 -3.0292e-18)
(-0.868407 -0.774311 1.3894e-17)
(-0.811405 -0.944388 1.46264e-17)
(-1.03399 -0.280385 -3.40017e-17)
(-1.03326 -0.305535 2.77013e-17)
(-1.02994 -0.341212 8.93922e-18)
(-1.02613 -0.384129 -2.99576e-18)
(-1.02175 -0.435788 -2.90053e-18)
(-1.01652 -0.498503 -5.1223e-20)
(-1.01014 -0.575593 4.98057e-18)
(-1.00223 -0.671871 1.64764e-17)
(-0.992217 -0.794126 -1.67308e-17)
(-0.962358 -0.968606 -5.22025e-17)
(-0.331156 -0.00393399 3.38374e-20)
(-0.988176 -0.00236348 2.20984e-17)
(-0.98319 -0.00244144 6.83742e-18)
(-0.977906 -0.00258061 -1.515e-17)
(-0.972523 -0.00273395 -7.05313e-18)
(-0.966741 -0.00290396 2.21795e-19)
(-0.960662 -0.00313676 -1.28711e-19)
(-0.954184 -0.00338829 6.80613e-18)
(-0.947209 -0.00366108 -2.55892e-20)
(-0.939737 -0.00400176 -1.40061e-17)
(-0.931668 -0.00436808 -6.50441e-18)
(-0.922802 -0.00476522 6.73421e-19)
(-0.913042 -0.00524185 6.86897e-18)
(-0.90219 -0.00584798 -7.57951e-18)
(-0.890146 -0.00658795 2.04649e-19)
(-0.876711 -0.0074251 1.24888e-17)
(-0.861388 -0.00841773 -6.04643e-18)
(-0.843879 -0.00957789 -1.20082e-17)
(-0.823891 -0.0110475 1.82955e-17)
(-0.800986 -0.0129476 2.19797e-17)
(-0.331171 -0.0174525 -4.9605e-18)
(-0.988471 -0.0105134 -1.43883e-17)
(-0.98351 -0.0108791 -6.51005e-18)
(-0.978349 -0.011518 7.46882e-18)
(-0.972989 -0.0122222 6.74976e-18)
(-0.967331 -0.013067 -6.82612e-18)
(-0.961374 -0.0140555 -1.41426e-19)
(-0.954921 -0.0151326 1.51851e-17)
(-0.948072 -0.0164374 -8.22261e-18)
(-0.940724 -0.0178435 7.19805e-18)
(-0.932682 -0.0195072 2.7688e-17)
(-0.923946 -0.0213705 -2.08499e-17)
(-0.914516 -0.0236429 -6.27308e-17)
(-0.90409 -0.0262224 -9.14502e-19)
(-0.892372 -0.0294136 2.82986e-17)
(-0.879266 -0.0331091 2.02879e-17)
(-0.864373 -0.0375623 2.5354e-17)
(-0.847598 -0.0429348 -1.89007e-17)
(-0.828533 -0.0492905 -5.1161e-17)
(-0.806345 -0.0576451 -2.96702e-17)
(-0.331172 -0.0282234 4.36092e-18)
(-0.989024 -0.0171283 5.75732e-17)
(-0.984211 -0.0179268 -3.88299e-19)
(-0.979297 -0.0189633 -4.29294e-17)
(-0.974087 -0.0201095 2.11415e-17)
(-0.968578 -0.0215811 -6.63279e-19)
(-0.962676 -0.0231831 -2.1241e-17)
(-0.956478 -0.0249876 -6.80183e-18)
(-0.949783 -0.0271543 2.21923e-17)
(-0.942599 -0.0295599 7.97871e-18)
(-0.934918 -0.0322819 -1.42906e-17)
(-0.926645 -0.03548 -1.54624e-17)
(-0.917578 -0.0391898 -4.02938e-17)
(-0.907627 -0.0434452 3.78627e-17)
(-0.896682 -0.0484788 3.18321e-17)
(-0.884454 -0.0545581 -1.79318e-17)
(-0.870839 -0.0617238 5.96251e-18)
(-0.855241 -0.0704378 -4.75742e-18)
(-0.837574 -0.080759 -2.27222e-18)
(-0.817094 -0.0941715 2.57753e-17)
(-0.331148 -0.0378011 4.85368e-18)
(-0.990009 -0.0234298 1.35674e-17)
(-0.985461 -0.024585 -1.26392e-18)
(-0.980619 -0.0259536 6.12249e-19)
(-0.975677 -0.0276044 -6.69497e-18)
(-0.970438 -0.029552 -1.80407e-18)
(-0.964713 -0.0318279 1.40531e-17)
(-0.958789 -0.0344867 2.73283e-17)
(-0.952473 -0.0374184 6.80058e-18)
(-0.945569 -0.0409402 -2.2333e-17)
(-0.938275 -0.0447684 -1.34989e-17)
(-0.930486 -0.049274 -7.50638e-18)
(-0.922015 -0.0543029 4.97407e-19)
(-0.912853 -0.0601499 -5.10136e-18)
(-0.903001 -0.0669741 7.57528e-18)
(-0.89206 -0.0750821 2.02829e-17)
(-0.879844 -0.0847577 1.30148e-17)
(-0.866245 -0.0962643 1.0026e-17)
(-0.850869 -0.110146 -5.56052e-18)
(-0.832939 -0.128041 -1.46122e-17)
(-0.331234 -0.0459323 -1.76379e-19)
(-0.991254 -0.0292463 0)
(-0.986893 -0.0306524 1.22462e-17)
(-0.98243 -0.0323664 6.66006e-18)
(-0.97777 -0.0344697 -2.63082e-17)
(-0.97282 -0.0369137 2.37809e-18)
(-0.967577 -0.0398511 1.48256e-17)
(-0.961945 -0.0432381 -7.98374e-18)
(-0.956024 -0.0470825 -3.14379e-18)
(-0.949616 -0.0514971 3.78425e-18)
(-0.942821 -0.0566312 -1.25885e-18)
(-0.935632 -0.0623587 -9.71849e-18)
(-0.927771 -0.0688359 -1.5121e-17)
(-0.919609 -0.0762089 2.65187e-17)
(-0.910948 -0.0846063 2.25198e-17)
(-0.901601 -0.0943841 -5.23975e-17)
(-0.891456 -0.106013 -1.3839e-17)
(-0.880225 -0.119965 2.69877e-17)
(-0.867806 -0.136799 -6.88952e-18)
(-0.853622 -0.158338 -6.37586e-18)
(-0.33132 -0.0523806 6.64607e-18)
(-0.992725 -0.0344819 -5.27906e-19)
(-0.988748 -0.0361825 1.7898e-19)
(-0.984579 -0.038223 1.71473e-17)
(-0.98031 -0.0406069 1.84549e-17)
(-0.975845 -0.0434943 2.02199e-17)
(-0.971 -0.0469258 -2.82956e-17)
(-0.965867 -0.0509856 -1.75141e-17)
(-0.960443 -0.0556888 4.37796e-17)
(-0.954732 -0.0610591 -1.08718e-17)
(-0.948631 -0.0672735 -5.50468e-17)
(-0.941965 -0.0743433 -3.4816e-18)
(-0.935005 -0.0823659 1.76641e-17)
(-0.927745 -0.0912857 2.72306e-17)
(-0.920283 -0.101309 -4.45451e-18)
(-0.912693 -0.112624 -1.90412e-17)
(-0.904879 -0.125701 3.57996e-18)
(-0.896821 -0.141192 -6.7609e-18)
(-0.888226 -0.160083 5.05637e-18)
(-0.879005 -0.184239 7.3234e-18)
(-0.331541 -0.0572189 -2.36142e-18)
(-0.994502 -0.039237 -1.32872e-17)
(-0.990824 -0.0411012 -1.10837e-17)
(-0.986959 -0.0433315 1.69245e-19)
(-0.983085 -0.0459961 1.29353e-17)
(-0.97911 -0.0491817 -2.00706e-17)
(-0.974945 -0.052915 9.35932e-18)
(-0.970493 -0.0574474 1.2157e-17)
(-0.96576 -0.0627381 -3.40603e-17)
(-0.960738 -0.0689566 2.97994e-19)
(-0.955434 -0.0761355 2.37777e-17)
(-0.949839 -0.0843699 -9.05337e-18)
(-0.943683 -0.0939296 -1.2662e-17)
(-0.937424 -0.104631 8.92982e-18)
(-0.931223 -0.116554 -1.60455e-17)
(-0.925178 -0.129665 -1.34076e-17)
(-0.91972 -0.144261 4.55952e-18)
(-0.915103 -0.160684 -1.37207e-17)
(-0.911569 -0.180284 8.17952e-18)
(-0.909208 -0.20529 2.17521e-17)
(-0.331785 -0.0603684 -1.61536e-17)
(-0.996342 -0.0434157 -1.92584e-17)
(-0.992966 -0.0454092 2.71826e-17)
(-0.989497 -0.0477824 7.41333e-18)
(-0.986105 -0.0505953 -1.24232e-19)
(-0.982616 -0.0539494 -7.33102e-18)
(-0.97903 -0.0579348 -3.52246e-17)
(-0.975344 -0.0625656 -2.40924e-17)
(-0.97147 -0.0681794 3.3177e-17)
(-0.967491 -0.0747804 2.47242e-17)
(-0.96323 -0.0825946 2.31518e-17)
(-0.958693 -0.0917448 -3.2306e-17)
(-0.95396 -0.10231 -2.87765e-17)
(-0.949024 -0.114704 5.31998e-17)
(-0.94407 -0.128738 -1.91843e-18)
(-0.939613 -0.144393 -3.04881e-17)
(-0.936164 -0.161508 2.35104e-17)
(-0.934933 -0.17983 2.20437e-17)
(-0.937521 -0.199453 1.91717e-17)
(-0.944361 -0.222858 4.37172e-18)
(-0.33216 -0.0619607 5.32783e-18)
(-0.99846 -0.0472583 -1.3317e-17)
(-0.995221 -0.0493759 -3.25869e-17)
(-0.992061 -0.0517356 0)
(-0.98906 -0.0545439 -7.58365e-18)
(-0.986134 -0.057806 -2.05826e-17)
(-0.983116 -0.0618609 7.37198e-18)
(-0.980173 -0.0666173 3.044e-17)
(-0.977299 -0.0722251 1.69854e-17)
(-0.974328 -0.0789067 1.04117e-17)
(-0.971344 -0.086818 -4.04982e-18)
(-0.968256 -0.0960922 -1.22047e-17)
(-0.965152 -0.107126 4.85139e-18)
(-0.96219 -0.120104 -1.75848e-17)
(-0.959371 -0.135447 3.56259e-18)
(-0.957115 -0.153416 1.79533e-17)
(-0.956179 -0.174083 1.03876e-17)
(-0.958065 -0.19729 7.43174e-18)
(-0.966865 -0.221092 -7.03009e-18)
(-0.984348 -0.241136 1.73871e-18)
(-0.332698 -0.061822 -6.99948e-18)
(-1.00087 -0.0516035 -3.54325e-17)
(-0.997302 -0.0530666 -3.71463e-19)
(-0.994356 -0.0550914 1.42914e-17)
(-0.991719 -0.0578074 0)
(-0.989309 -0.0610649 1.37582e-18)
(-0.987051 -0.065083 3.4535e-17)
(-0.98478 -0.0700618 2.20758e-18)
(-0.982652 -0.0758317 -2.76929e-17)
(-0.980748 -0.0826019 1.17271e-17)
(-0.978835 -0.0906723 -4.12769e-19)
(-0.97712 -0.100113 -3.11252e-17)
(-0.975869 -0.111272 -1.16561e-17)
(-0.975056 -0.124503 9.3185e-18)
(-0.975081 -0.140104 1.73772e-17)
(-0.976556 -0.158664 1.21329e-17)
(-0.980433 -0.180512 3.37801e-17)
(-0.988532 -0.205481 -1.9879e-17)
(-1.00199 -0.232883 -5.81525e-18)
(-1.02021 -0.256724 -1.18669e-17)
(-0.334191 -0.0598497 -9.71643e-19)
(-1.00107 -0.055397 0)
(-0.998505 -0.0560112 1.31531e-18)
(-0.996488 -0.0575796 0)
(-0.994627 -0.0600359 0)
(-0.992913 -0.0633853 0)
(-0.991504 -0.0674611 0)
(-0.990179 -0.0724279 -5.98527e-18)
(-0.989 -0.0783661 0)
(-0.988207 -0.0852527 0)
(-0.987724 -0.0932469 -4.26535e-18)
(-0.987714 -0.102717 0)
(-0.988474 -0.113702 5.25878e-18)
(-0.990206 -0.12639 3.67065e-18)
(-0.993437 -0.14108 2.19008e-18)
(-0.998995 -0.158073 1.80492e-17)
(-1.00771 -0.177319 3.9813e-18)
(-1.02066 -0.19869 -3.01152e-17)
(-1.03782 -0.221196 3.20298e-18)
(-1.05591 -0.246318 -5.07298e-18)
(-0.333619 -0.0581641 0)
(-1.00047 -0.0571586 0)
(-0.999464 -0.0576227 0)
(-0.998381 -0.0591696 0)
(-0.99753 -0.06149 0)
(-0.996757 -0.0647385 0)
(-0.996138 -0.0687605 0)
(-0.995751 -0.073556 0)
(-0.995597 -0.0794343 0)
(-0.995829 -0.0861634 0)
(-0.996602 -0.0940526 0)
(-0.998072 -0.103102 0)
(-1.00031 -0.113466 0)
(-1.00364 -0.125223 0)
(-1.00867 -0.138604 0)
(-1.01578 -0.153377 1.83525e-17)
(-1.02561 -0.169542 5.69235e-32)
(-1.03891 -0.186636 -1.87703e-17)
(-1.05608 -0.203961 0)
(-1.07586 -0.223707 -5.44766e-18)
(-0.333516 -0.0575454 -1.01751e-18)
(-1.00055 -0.057468 -1.03829e-18)
(-1.00055 -0.0581641 -1.05087e-18)
(-1.00039 -0.0597111 0)
(-1.00024 -0.0620314 -1.12074e-18)
(-1.00024 -0.0650479 -1.17524e-18)
(-1.00039 -0.0688379 -1.24372e-18)
(-1.00093 -0.0734013 -1.32616e-18)
(-1.00171 -0.0788155 -1.42398e-18)
(-1.00294 -0.0851579 -1.53857e-18)
(-1.0048 -0.0925057 -1.67133e-18)
(-1.00728 -0.100704 0)
(-1.01076 -0.110063 -1.98855e-18)
(-1.01547 -0.120505 -2.1772e-18)
(-1.02166 -0.132029 -2.38542e-18)
(-1.02986 -0.144482 1.59964e-17)
(-1.04061 -0.157786 -2.85076e-18)
(-1.05422 -0.171476 -2.21451e-17)
(-1.07132 -0.185011 -3.34266e-18)
(-1.09085 -0.199733 1.80912e-18)
(-0.333567 -0.0568493 -1.28588e-19)
(-1.00109 -0.0571586 -3.85914e-19)
(-1.00171 -0.0580094 1.80982e-17)
(-1.00225 -0.059479 1.3589e-31)
(-1.00287 -0.0616447 -1.81191e-17)
(-1.00356 -0.0645065 1.46405e-31)
(-1.00449 -0.0680644 7.98031e-32)
(-1.00573 -0.0723958 -1.59142e-31)
(-1.00735 -0.0774233 -9.94886e-32)
(-1.00952 -0.0833016 -1.32744e-32)
(-1.01215 -0.089876 1.82868e-17)
(-1.01563 -0.0973012 3.88408e-31)
(-1.02012 -0.105577 -1.84307e-17)
(-1.02561 -0.114704 1.72988e-32)
(-1.03265 -0.12445 -6.93499e-33)
(-1.04154 -0.134969 1.88178e-17)
(-1.0526 -0.14572 3.07538e-31)
(-1.06614 -0.156393 -1.92622e-17)
(-1.08246 -0.166603 -9.02636e-32)
(-1.10025 -0.176988 3.14521e-17)
(-0.333722 -0.0558438 9.87419e-19)
(-1.00171 -0.0563078 1.01733e-18)
(-1.00287 -0.0571586 1.0327e-18)
(-1.00403 -0.0586282 0)
(-1.00526 -0.0607165 1.09698e-18)
(-1.00666 -0.0633463 1.1445e-18)
(-1.00828 -0.0666722 1.20459e-18)
(-1.01029 -0.0706168 1.27586e-18)
(-1.01261 -0.0752576 1.3597e-18)
(-1.0154 -0.0805171 1.45473e-18)
(-1.0188 -0.0863954 1.56093e-18)
(-1.02298 -0.0930471 0)
(-1.02816 -0.10024 1.81107e-18)
(-1.03435 -0.108052 1.95221e-18)
(-1.04193 -0.116406 2.10314e-18)
(-1.05113 -0.125068 2.12508e-17)
(-1.06204 -0.133654 2.41476e-18)
(-1.07511 -0.14193 -1.686e-17)
(-1.09035 -0.149432 2.69984e-18)
(-1.10636 -0.156687 2.83092e-18)
(-0.333877 -0.0543742 0)
(-1.0024 -0.0548383 0)
(-1.00403 -0.0557664 0)
(-1.00581 -0.0571586 0)
(-1.00759 -0.0591696 0)
(-1.00952 -0.0615674 0)
(-1.01176 -0.0646612 0)
(-1.01431 -0.0682191 0)
(-1.01725 -0.0723184 0)
(-1.02066 -0.0770365 0)
(-1.02468 -0.0822961 0)
(-1.02947 -0.0881744 0)
(-1.03512 -0.0944394 0)
(-1.04177 -0.101091 0)
(-1.04966 -0.108052 0)
(-1.05879 -0.115013 1.91295e-17)
(-1.06946 -0.121897 -1.38653e-32)
(-1.08191 -0.128317 -1.95473e-17)
(-1.09591 -0.133808 0)
(-1.11043 -0.139006 5.67383e-18)
(-0.334031 -0.0525952 0)
(-1.0031 -0.052982 0)
(-1.00519 -0.0539101 0)
(-1.00743 -0.055225 0)
(-1.00967 -0.0569266 0)
(-1.01215 -0.059247 0)
(-1.01493 -0.0619541 0)
(-1.01795 -0.0652026 0)
(-1.02143 -0.0689152 0)
(-1.02537 -0.0731692 0)
(-1.02994 -0.07781 0)
(-1.03512 -0.0828375 0)
(-1.04108 -0.0881744 0)
(-1.04796 -0.0938206 0)
(-1.05585 -0.0995442 0)
(-1.06498 -0.105268 1.92413e-17)
(-1.07534 -0.110759 1.93898e-31)
(-1.08702 -0.115632 -1.96395e-17)
(-1.09994 -0.119577 0)
(-1.11312 -0.123355 0)
(-0.334134 -0.0503522 0)
(-1.00372 -0.0507389 0)
(-1.00627 -0.0515897 0)
(-1.00882 -0.0527499 0)
(-1.01161 -0.0542968 0)
(-1.01455 -0.0564625 0)
(-1.01772 -0.0588602 0)
(-1.02128 -0.0617994 0)
(-1.02522 -0.0651253 0)
(-1.02955 -0.0687605 0)
(-1.03435 -0.0727825 0)
(-1.03984 -0.0771139 0)
(-1.0461 -0.0816773 0)
(-1.05314 -0.0863954 0)
(-1.06111 -0.0911135 0)
(-1.07 -0.0957543 1.93321e-17)
(-1.07983 -0.100008 -1.80688e-18)
(-1.09073 -0.103798 -1.97066e-17)
(-1.10272 -0.10666 0)
(-1.11487 -0.109286 0)
(-0.334289 -0.0476451 0)
(-1.00434 -0.0480318 0)
(-1.0072 -0.0487279 0)
(-1.01014 -0.0498881 0)
(-1.01339 -0.0513577 0)
(-1.01671 -0.0531366 0)
(-1.02027 -0.0553797 0)
(-1.02421 -0.0579321 0)
(-1.02839 -0.0607939 0)
(-1.03303 -0.0639651 0)
(-1.03829 -0.0674456 0)
(-1.04402 -0.0711582 0)
(-1.05036 -0.0750255 0)
(-1.0574 -0.0789702 0)
(-1.06521 -0.0828375 0)
(-1.07387 -0.0864727 0)
(-1.08338 -0.0897986 2.51809e-32)
(-1.09367 -0.0926604 0)
(-1.10465 -0.0948261 0)
(-1.11585 -0.0965644 0)
(-0.334392 -0.0447059 0)
(-1.0048 -0.0450153 0)
(-1.00813 -0.0456341 0)
(-1.01145 -0.0466396 0)
(-1.01486 -0.0479545 0)
(-1.01857 -0.0495014 0)
(-1.02251 -0.0515124 0)
(-1.02669 -0.0536781 0)
(-1.03125 -0.0562305 0)
(-1.0362 -0.0590149 0)
(-1.04154 -0.0620314 0)
(-1.04742 -0.0650479 0)
(-1.05392 -0.0682964 0)
(-1.06095 -0.071545 0)
(-1.06861 -0.0747162 0)
(-1.07696 -0.0776553 1.94579e-17)
(-1.08601 -0.0802851 1.45054e-18)
(-1.09576 -0.0822961 -1.97974e-17)
(-1.10597 -0.083843 0)
(-1.11635 -0.0850277 -2.06643e-17)
(-0.334495 -0.0413801 0)
(-1.00526 -0.0416895 0)
(-1.00882 -0.0422309 0)
(-1.01246 -0.0430043 0)
(-1.01625 -0.0441645 0)
(-1.02027 -0.0456341 0)
(-1.02445 -0.0473357 0)
(-1.02893 -0.0492694 0)
(-1.03373 -0.051435 0)
(-1.03883 -0.0537554 0)
(-1.04432 -0.0563078 0)
(-1.05028 -0.0589376 0)
(-1.05685 -0.0616447 0)
(-1.06382 -0.0642745 0)
(-1.07132 -0.0668269 0)
(-1.07944 -0.0691473 1.95026e-17)
(-1.08803 -0.0711582 6.15424e-32)
(-1.09723 -0.0727052 -1.9824e-17)
(-1.10682 -0.0736333 0)
(-1.11644 -0.0744926 -2.03582e-17)
(-0.334598 -0.0376675 0)
(-1.00565 -0.0379768 0)
(-1.00944 -0.0384409 0)
(-1.01339 -0.0392144 0)
(-1.01749 -0.0402199 0)
(-1.02174 -0.0414574 0)
(-1.02615 -0.0428496 0)
(-1.03079 -0.0445513 0)
(-1.03574 -0.0463302 0)
(-1.04108 -0.0483412 0)
(-1.04672 -0.0504295 0)
(-1.05276 -0.0526726 0)
(-1.05925 -0.0549156 0)
(-1.06614 -0.0570039 0)
(-1.07348 -0.0590923 0)
(-1.0813 -0.0609486 1.95361e-17)
(-1.08957 -0.0624955 6.04351e-32)
(-1.09823 -0.0636557 -1.98422e-17)
(-1.10728 -0.0641971 0)
(-1.1164 -0.064665 0)
(-0.334702 -0.0338002 0)
(-1.00604 -0.0340322 0)
(-1.01006 -0.0344963 0)
(-1.01424 -0.035115 0)
(-1.01849 -0.0359659 0)
(-1.0229 -0.0370487 0)
(-1.02754 -0.0382089 0)
(-1.03241 -0.0396785 0)
(-1.03752 -0.0412254 0)
(-1.04293 -0.0428496 0)
(-1.04866 -0.0446286 0)
(-1.05477 -0.0464076 0)
(-1.06119 -0.0481865 0)
(-1.06799 -0.0499655 0)
(-1.07526 -0.0515897 0)
(-1.08284 -0.052982 1.95641e-17)
(-1.09073 -0.0542195 6.55508e-32)
(-1.09893 -0.0549929 -1.98547e-17)
(-1.10744 -0.0553797 0)
(-1.11602 -0.0555513 1.02897e-17)
(-0.334753 -0.0297782 0)
(-1.00635 -0.0298555 0)
(-1.01052 -0.0302423 0)
(-1.01486 -0.0307837 0)
(-1.01942 -0.0315571 0)
(-1.02398 -0.0324079 0)
(-1.02878 -0.0334908 0)
(-1.03381 -0.034651 0)
(-1.03891 -0.0358885 0)
(-1.04448 -0.0372807 0)
(-1.05028 -0.0387503 0)
(-1.05631 -0.0402199 0)
(-1.06281 -0.0416121 0)
(-1.06954 -0.0430817 0)
(-1.0765 -0.0443192 0)
(-1.08393 -0.0454021 1.95836e-17)
(-1.09158 -0.0462529 1.26299e-31)
(-1.09939 -0.0467943 -1.98631e-17)
(-1.10752 -0.0470263 0)
(-1.11565 -0.0470617 1.94181e-17)
(-0.334753 -0.0254468 0)
(-1.0065 -0.0256015 0)
(-1.01099 -0.0259109 0)
(-1.01555 -0.026375 0)
(-1.02012 -0.0269937 0)
(-1.02483 -0.0276125 0)
(-1.02978 -0.0285406 0)
(-1.03481 -0.0293915 0)
(-1.04015 -0.0304743 0)
(-1.04579 -0.0316345 0)
(-1.0516 -0.0327173 0)
(-1.05763 -0.0339549 0)
(-1.06405 -0.035115 0)
(-1.0707 -0.0361979 0)
(-1.07758 -0.037126 0)
(-1.08478 -0.0380542 1.9599e-17)
(-1.09212 -0.0385956 -6.35852e-32)
(-1.0997 -0.0390597 -1.98687e-17)
(-1.10744 -0.039137 0)
(-1.11516 -0.0390429 0)
(-0.334856 -0.0210381 0)
(-1.00681 -0.0211928 0)
(-1.0113 -0.0214248 0)
(-1.01594 -0.0217342 0)
(-1.02066 -0.0221983 0)
(-1.02553 -0.022817 0)
(-1.03056 -0.0234358 0)
(-1.03574 -0.0242093 0)
(-1.04115 -0.0250601 0)
(-1.04672 -0.0259109 0)
(-1.0526 -0.026839 0)
(-1.05871 -0.0276898 0)
(-1.06505 -0.028618 0)
(-1.07155 -0.0293915 0)
(-1.07836 -0.0301649 0)
(-1.0854 -0.0307837 1.96102e-17)
(-1.09259 -0.0312478 -5.64563e-19)
(-1.09994 -0.0315571 -1.98729e-17)
(-1.10728 -0.0315571 0)
(-1.11472 -0.0314173 0)
(-0.334856 -0.0164747 0)
(-1.00689 -0.016552 0)
(-1.01153 -0.0167067 0)
(-1.01633 -0.0170161 0)
(-1.0212 -0.0173255 0)
(-1.02607 -0.0178669 0)
(-1.03118 -0.018331 0)
(-1.03644 -0.0189498 0)
(-1.04185 -0.0194912 0)
(-1.04757 -0.0201873 0)
(-1.05337 -0.0208834 0)
(-1.05941 -0.0215795 0)
(-1.06575 -0.0221983 0)
(-1.07225 -0.022817 0)
(-1.07898 -0.0233585 0)
(-1.08586 -0.0238225 0)
(-1.0929 -0.0241319 7.42187e-32)
(-1.10001 -0.0242866 0)
(-1.10713 -0.0242093 0)
(-1.11427 -0.0241037 -1.40444e-17)
(-0.334908 -0.0118339 0)
(-1.00704 -0.0119113 0)
(-1.01176 -0.0119886 0)
(-1.01656 -0.0122207 0)
(-1.02151 -0.0124527 0)
(-1.02654 -0.0127621 0)
(-1.03164 -0.0131488 0)
(-1.0369 -0.0135355 0)
(-1.04239 -0.0139996 0)
(-1.04811 -0.0144637 0)
(-1.05399 -0.0148504 0)
(-1.06003 -0.0153918 0)
(-1.06629 -0.0158559 0)
(-1.07271 -0.0162426 0)
(-1.07936 -0.0166294 0)
(-1.08617 -0.0169388 1.96242e-17)
(-1.09305 -0.0171708 3.1023e-19)
(-1.10001 -0.0171708 -1.98743e-17)
(-1.10697 -0.0171708 0)
(-1.11397 -0.0171027 -1.46136e-17)
(-0.334908 -0.00711582 0)
(-1.00704 -0.00719317 0)
(-1.01184 -0.00727052 0)
(-1.01679 -0.00734786 0)
(-1.02174 -0.00750255 0)
(-1.02677 -0.00765725 0)
(-1.03195 -0.00788928 0)
(-1.03729 -0.00812132 0)
(-1.04278 -0.00843071 0)
(-1.04842 -0.00866274 0)
(-1.0543 -0.00897213 0)
(-1.06041 -0.00920416 0)
(-1.0666 -0.00951355 0)
(-1.07302 -0.00966824 0)
(-1.07967 -0.00997762 0)
(-1.0864 -0.010055 1.96283e-17)
(-1.09313 -0.010287 -2.12337e-33)
(-1.10001 -0.010287 -1.98743e-17)
(-1.10697 -0.010287 0)
(-1.11368 -0.0101825 1.78041e-17)
(-0.334959 -0.00154692 0)
(-1.0072 -0.00159848 0)
(-1.01192 -0.00165005 0)
(-1.01679 -0.00165005 0)
(-1.02182 -0.00165005 0)
(-1.02692 -0.00170161 0)
(-1.0321 -0.00175317 0)
(-1.03744 -0.00180474 0)
(-1.04293 -0.0018563 0)
(-1.04866 -0.00190787 0)
(-1.05453 -0.00201099 0)
(-1.06057 -0.00206256 0)
(-1.06675 -0.00211412 0)
(-1.07317 -0.00216569 0)
(-1.07975 -0.00221725 0)
(-1.08648 -0.00221725 1.96297e-17)
(-1.09328 -0.00226881 -3.61558e-33)
(-1.10001 -0.00232038 -1.98743e-17)
(-1.10682 -0.00226881 0)
(-1.11355 -0.002229 0)
(-1.06932 -0.259855 2.08225e-17)
(-1.11402 -0.245259 -7.66962e-18)
(-1.1544 -0.224902 -2.96171e-17)
(-1.19144 -0.202964 -1.97803e-17)
(-1.22473 -0.179023 6.18766e-18)
(-1.2533 -0.152464 9.56526e-18)
(-1.27676 -0.123018 -1.75347e-17)
(-1.29479 -0.0907499 -1.25393e-17)
(-1.30703 -0.0562113 9.84647e-18)
(-1.31321 -0.0203168 -8.56698e-18)
(-1.08938 -0.232333 -1.32451e-17)
(-1.11988 -0.217495 -8.36114e-18)
(-1.15617 -0.19804 -1.15697e-17)
(-1.19104 -0.177378 3.21168e-18)
(-1.22024 -0.155671 4.42017e-17)
(-1.2441 -0.132087 -6.89096e-18)
(-1.2631 -0.106333 -2.08342e-17)
(-1.27739 -0.0784613 1.02734e-17)
(-1.28698 -0.0487394 5.86714e-19)
(-1.29173 -0.0177564 -7.52362e-18)
(-1.10525 -0.200942 8.92739e-18)
(-1.1262 -0.190342 7.20163e-18)
(-1.15354 -0.176685 -6.03043e-18)
(-1.18401 -0.158878 -4.92825e-18)
(-1.21085 -0.13855 -4.66794e-18)
(-1.23241 -0.116598 1.53481e-18)
(-1.24912 -0.0931831 -6.78084e-18)
(-1.26131 -0.0683708 -8.37168e-18)
(-1.26923 -0.0423984 2.97842e-17)
(-1.27314 -0.0155348 -4.0759e-18)
(-1.11488 -0.174909 3.59462e-18)
(-1.13319 -0.16567 -4.21476e-17)
(-1.15395 -0.155705 1.45351e-17)
(-1.17844 -0.141247 2.45269e-17)
(-1.2017 -0.12335 -2.553e-17)
(-1.22113 -0.103351 -6.26042e-19)
(-1.23603 -0.0822261 1.66035e-17)
(-1.24678 -0.0600071 1.77163e-17)
(-1.25361 -0.0371237 -2.04864e-19)
(-1.25695 -0.0136997 -1.26938e-17)
(-1.12052 -0.15381 -2.62661e-17)
(-1.13791 -0.145041 7.79907e-18)
(-1.15491 -0.136409 3.68995e-17)
(-1.17425 -0.124554 -2.88886e-17)
(-1.19368 -0.109314 -2.75791e-18)
(-1.2107 -0.091682 1.80002e-17)
(-1.22412 -0.0726828 3.6033e-18)
(-1.23368 -0.0528938 8.16053e-18)
(-1.23974 -0.0326182 -5.23297e-18)
(-1.24273 -0.0122578 1.57029e-17)
(-1.12394 -0.135928 -1.18627e-17)
(-1.14041 -0.127487 1.80412e-17)
(-1.15527 -0.119325 7.81289e-18)
(-1.17096 -0.109163 -2.67846e-17)
(-1.18686 -0.096251 6.99986e-18)
(-1.20138 -0.0810228 6.84761e-18)
(-1.21326 -0.0641738 -2.6057e-18)
(-1.22193 -0.0466346 -2.00641e-18)
(-1.22754 -0.0287866 -6.61631e-19)
(-1.23026 -0.0109102 -1.96652e-17)
(-1.1258 -0.120247 3.39122e-18)
(-1.14125 -0.112339 -1.67766e-17)
(-1.15465 -0.104475 -1.2954e-17)
(-1.16788 -0.0953475 1.986e-17)
(-1.18107 -0.0842551 -4.72964e-18)
(-1.19329 -0.0711783 4.12556e-18)
(-1.20366 -0.0565981 -3.98265e-18)
(-1.21151 -0.0412354 -9.91425e-18)
(-1.21665 -0.0255368 1.2069e-17)
(-1.21924 -0.00975381 2.01391e-17)
(-1.12681 -0.106302 1.3919e-17)
(-1.14107 -0.0989417 -2.51464e-18)
(-1.1532 -0.0915148 5.45799e-18)
(-1.16477 -0.0832116 -1.04832e-17)
(-1.17593 -0.0734263 -1.0472e-17)
(-1.18632 -0.0621486 1.47589e-17)
(-1.1953 -0.0495742 -1.56726e-17)
(-1.20232 -0.0362065 1.02786e-18)
(-1.20706 -0.022471 1.78466e-17)
(-1.20942 -0.00869538 3.68023e-18)
(-1.12703 -0.0937661 -2.0354e-17)
(-1.1402 -0.086946 1.4337e-17)
(-1.1513 -0.0801037 2.1155e-17)
(-1.16156 -0.0724909 -3.3608e-17)
(-1.17125 -0.06377 1.59103e-18)
(-1.18017 -0.0540365 1.91104e-17)
(-1.18802 -0.0431971 -4.35501e-18)
(-1.1943 -0.0316469 4.05755e-18)
(-1.19867 -0.0196888 -1.15287e-17)
(-1.20089 -0.00763039 -8.75314e-18)
(-1.12691 -0.0823359 -4.68462e-18)
(-1.1389 -0.0761946 2.74462e-18)
(-1.14909 -0.0698943 -1.61393e-17)
(-1.15836 -0.0629197 1.60374e-17)
(-1.16695 -0.0552893 6.31127e-18)
(-1.17485 -0.0467483 7.23909e-19)
(-1.18169 -0.0374733 -3.61542e-18)
(-1.18729 -0.0275597 1.26845e-17)
(-1.19127 -0.0172935 -1.00916e-18)
(-1.19341 -0.00676001 -7.97361e-18)
(-1.12635 -0.0719419 -1.09933e-18)
(-1.13742 -0.0663493 1.85452e-17)
(-1.14677 -0.0606285 3.94022e-18)
(-1.1553 -0.0544033 1.62464e-20)
(-1.16304 -0.0477149 1.2665e-17)
(-1.17005 -0.0402896 1.4397e-17)
(-1.17625 -0.0323048 -4.8715e-18)
(-1.18132 -0.0238454 -1.57785e-17)
(-1.18491 -0.0149866 -7.9224e-18)
(-1.18685 -0.00598708 8.04071e-18)
(-1.12559 -0.0623345 7.14443e-18)
(-1.13571 -0.0574118 1.79346e-17)
(-1.1445 -0.052299 -1.72395e-17)
(-1.15244 -0.0467708 -1.79012e-17)
(-1.15955 -0.0408573 1.68334e-17)
(-1.16592 -0.0344735 -6.80316e-18)
(-1.17151 -0.0276983 -1.0707e-17)
(-1.17609 -0.0204132 2.40885e-17)
(-1.1794 -0.0128663 -8.65681e-18)
(-1.18124 -0.00521133 -1.64091e-17)
(-1.12479 -0.0534493 2.39023e-18)
(-1.13416 -0.0491309 -9.7814e-18)
(-1.14229 -0.044655 -1.58045e-18)
(-1.14974 -0.0398404 -2.43216e-18)
(-1.15641 -0.0346316 2.50508e-17)
(-1.16232 -0.0292055 -3.88844e-18)
(-1.16747 -0.0234612 -2.32861e-17)
(-1.17167 -0.0172581 3.41602e-18)
(-1.17476 -0.0109365 8.26229e-18)
(-1.17638 -0.00443252 1.66016e-17)
(-1.12389 -0.0451923 1.72544e-18)
(-1.13258 -0.0414249 -1.79266e-17)
(-1.14037 -0.0375153 4.19476e-18)
(-1.14737 -0.0334366 -4.29764e-18)
(-1.15366 -0.0290332 -2.71703e-18)
(-1.15927 -0.0244896 1.88593e-17)
(-1.16399 -0.0195953 -1.2221e-17)
(-1.16788 -0.0144849 -2.61491e-19)
(-1.17079 -0.0091963 1.62485e-17)
(-1.17235 -0.00374935 -2.03691e-17)
(-1.12303 -0.0374176 -8.43772e-19)
(-1.13118 -0.0342106 5.01445e-19)
(-1.13857 -0.0309726 -1.87292e-18)
(-1.14536 -0.0274633 1.28171e-17)
(-1.15136 -0.0238826 -4.30596e-18)
(-1.15664 -0.0200442 -2.03741e-17)
(-1.16112 -0.0160036 2.91873e-18)
(-1.16481 -0.0118947 -1.70898e-17)
(-1.16751 -0.00764764 2.48601e-17)
(-1.16896 -0.00316375 3.71555e-17)
(-1.1222 -0.0300369 8.13044e-18)
(-1.12993 -0.0274858 -2.57931e-17)
(-1.13711 -0.024851 -9.48074e-18)
(-1.14362 -0.0220161 1.68819e-17)
(-1.14944 -0.0189957 1.46252e-17)
(-1.15449 -0.0159623 8.31665e-18)
(-1.15879 -0.0127845 -3.63047e-17)
(-1.16235 -0.00948975 -1.18779e-19)
(-1.16486 -0.00609154 8.39789e-18)
(-1.16616 -0.00247673 -3.1827e-19)
(-1.12158 -0.0229806 1.59739e-17)
(-1.12899 -0.0210874 1.36968e-17)
(-1.13588 -0.0190657 -2.35476e-17)
(-1.1422 -0.0168271 -1.80872e-17)
(-1.14788 -0.0145559 -3.62491e-18)
(-1.15286 -0.0121492 2.88008e-17)
(-1.15698 -0.00974706 1.82541e-17)
(-1.16037 -0.00727224 -1.61639e-17)
(-1.16273 -0.00452947 1.98316e-19)
(-1.16401 -0.0018856 1.48059e-19)
(-1.12106 -0.0162386 -9.34334e-19)
(-1.12832 -0.0148484 4.02414e-17)
(-1.135 -0.0134445 -3.48303e-19)
(-1.1412 -0.0118926 -1.63919e-17)
(-1.14675 -0.0102891 2.35885e-18)
(-1.15156 -0.0086095 5.06349e-18)
(-1.15568 -0.00688961 -7.85219e-18)
(-1.15888 -0.00514461 4.0539e-18)
(-1.16118 -0.00325702 2.20559e-17)
(-1.16254 -0.00139305 -4.64872e-17)
(-1.12065 -0.00965634 2.33819e-18)
(-1.12785 -0.00885319 -4.43365e-17)
(-1.13449 -0.00798584 -1.94008e-18)
(-1.14057 -0.00703804 4.35978e-17)
(-1.14604 -0.00610106 -4.69537e-20)
(-1.15082 -0.00515004 5.35988e-18)
(-1.15478 -0.00412005 -4.63347e-18)
(-1.15796 -0.00310376 -1.70099e-17)
(-1.16016 -0.0019807 1.2418e-17)
(-1.1614 -0.00079889 3.87468e-18)
(-1.12056 -0.00212652 8.99023e-18)
(-1.12774 -0.00195972 4.57143e-19)
(-1.13427 -0.00177709 -1.69986e-17)
(-1.14037 -0.00151926 -5.97755e-19)
(-1.14584 -0.00136439 1.67436e-17)
(-1.15048 -0.0011243 -3.62642e-18)
(-1.15446 -0.000895435 -1.87651e-17)
(-1.1575 -0.000712005 3.84247e-18)
(-1.15961 -0.000398467 8.79951e-18)
(-1.16088 -0.000167569 -8.55678e-18)
)
;

boundaryField
{
    down
    {
        type            symmetryPlane;
    }
    right
    {
        type            extrapolatedCalculated;
        value           nonuniform List<vector> 
30
(
(-0.938354 0.000127815 2.75496e-17)
(-0.939434 0.00057101 -7.17224e-18)
(-0.94155 0.000934452 -6.99033e-18)
(-0.944599 0.00127238 9.70804e-20)
(-0.948457 0.00158181 -1.31799e-17)
(-0.952987 0.00186433 6.26654e-18)
(-0.958067 0.00212725 -1.71214e-19)
(-0.9636 0.00237347 3.21303e-17)
(-0.969489 0.00259931 -4.53516e-18)
(-0.975631 0.00278294 4.59427e-18)
(-0.981687 0.00287693 0)
(-0.9875 0.00290434 0)
(-0.993304 0.00288268 5.20823e-20)
(-0.999031 0.00283009 1.05162e-31)
(-1.00462 0.00274965 -4.96787e-20)
(-1.01003 0.00264446 0)
(-1.0152 0.00251761 0)
(-1.0201 0.00237375 0)
(-1.0247 0.00221596 0)
(-1.02896 0.00204503 0)
(-1.03288 0.00186558 0)
(-1.03643 0.00167918 0)
(-1.03959 0.00148814 0)
(-1.04238 0.001294 0)
(-1.04477 0.00109677 0)
(-1.04677 0.00089876 0)
(-1.04837 0.000699207 0)
(-1.04956 0.000498881 0)
(-1.05036 0.000300102 0)
(-1.05076 6.70331e-05 0)
)
;
    }
    up
    {
        type            symmetryPlane;
    }
    left
    {
        type            extrapolatedCalculated;
        value           nonuniform List<vector> 
30
(
(0 -0.00393399 3.38374e-20)
(0 -0.0174525 -4.9605e-18)
(0 -0.0282234 4.36092e-18)
(0 -0.0378011 4.85368e-18)
(0 -0.0459323 -1.76379e-19)
(0 -0.0523806 6.64607e-18)
(0 -0.0572189 -2.36142e-18)
(0 -0.0603684 -1.61536e-17)
(0 -0.0619607 5.32783e-18)
(0 -0.061822 -6.99948e-18)
(0 -0.0598497 -9.71643e-19)
(0 -0.0581641 0)
(0 -0.0575454 -1.01751e-18)
(0 -0.0568493 -1.28588e-19)
(0 -0.0558438 9.87419e-19)
(0 -0.0543742 0)
(0 -0.0525952 0)
(0 -0.0503522 0)
(0 -0.0476451 0)
(0 -0.0447059 0)
(0 -0.0413801 0)
(0 -0.0376675 0)
(0 -0.0338002 0)
(0 -0.0297782 0)
(0 -0.0254468 0)
(0 -0.0210381 0)
(0 -0.0164747 0)
(0 -0.0118339 0)
(0 -0.00711582 0)
(0 -0.00154692 0)
)
;
    }
    cylinder
    {
        type            symmetry;
    }
    defaultFaces
    {
        type            empty;
    }
}


// ************************************************************************* //
