/*--------------------------------*- C++ -*----------------------------------*\
| =========                 |                                                 |
| \\      /  F ield         | OpenFOAM: The Open Source CFD Toolbox           |
|  \\    /   O peration     | Version:  2206                                  |
|   \\  /    A nd           | Website:  www.openfoam.com                      |
|    \\/     M anipulation  |                                                 |
\*---------------------------------------------------------------------------*/
FoamFile
{
    version     2.0;
    format      ascii;
    arch        "LSB;label=32;scalar=64";
    class       volVectorField;
    location    "0";
    object      Phi_nn_grad;
}
// * * * * * * * * * * * * * * * * * * * * * * * * * * * * * * * * * * * * * //

dimensions      [0 1 -1 0 0 0 0];

internalField   nonuniform List<vector> 
2000
(
(-1.1014 0.860037 -3.00031e-17)
(-1.19477 0.662309 1.65733e-17)
(-1.14978 0.612884 -1.28259e-17)
(-1.11946 0.554434 -2.4825e-17)
(-1.09886 0.496131 -1.28873e-17)
(-1.08449 0.442323 1.18399e-17)
(-1.07467 0.39365 -1.67528e-17)
(-1.06863 0.349407 1.92025e-18)
(-1.06562 0.309298 1.14784e-17)
(-1.06221 0.269793 1.67149e-17)
(-1.23667 0.852042 5.40529e-18)
(-1.29721 0.672212 -1.32357e-17)
(-1.25401 0.618984 2.79176e-17)
(-1.22006 0.557737 6.15695e-18)
(-1.19244 0.497142 -1.50796e-17)
(-1.16946 0.441201 3.12024e-18)
(-1.15067 0.390548 6.35891e-18)
(-1.13594 0.34477 -1.20571e-17)
(-1.1248 0.303858 7.80935e-18)
(-1.11481 0.264149 2.45358e-17)
(-1.36913 0.826097 3.56563e-17)
(-1.39548 0.670345 -7.06737e-17)
(-1.35253 0.609687 2.4544e-17)
(-1.31435 0.543003 3.0679e-17)
(-1.2797 0.478809 3.1034e-18)
(-1.24845 0.420827 -2.71955e-17)
(-1.22123 0.369494 3.02021e-18)
(-1.19847 0.324297 -2.13344e-17)
(-1.17997 0.285017 -1.01676e-17)
(-1.16407 0.247719 7.04139e-18)
(-1.49355 0.780115 -1.7145e-17)
(-1.4862 0.65335 1.44723e-17)
(-1.44125 0.582465 -2.29523e-17)
(-1.39787 0.508836 -1.01931e-17)
(-1.35613 0.441021 3.69776e-18)
(-1.31716 0.382313 -6.85199e-18)
(-1.28243 0.332556 1.49251e-17)
(-1.25279 0.290598 2.02251e-18)
(-1.22824 0.255496 -2.06302e-17)
(-1.20764 0.222961 -5.22082e-17)
(-1.60501 0.713619 3.81972e-17)
(-1.56626 0.619461 2.44119e-17)
(-1.5168 0.537149 3.21165e-18)
(-1.46732 0.456648 1.16599e-17)
(-1.41875 0.386527 -3.79546e-18)
(-1.37305 0.329342 5.08966e-18)
(-1.3322 0.283856 -2.24561e-17)
(-1.2973 0.24775 -1.54363e-17)
(-1.26836 0.218952 6.56207e-18)
(-1.2445 0.192816 -6.87197e-18)
(-1.69974 0.627917 -8.6104e-19)
(-1.63351 0.568908 -1.48197e-17)
(-1.57728 0.475933 -1.86384e-18)
(-1.52122 0.390162 9.87463e-18)
(-1.46658 0.319972 4.41177e-18)
(-1.41559 0.266872 5.2213e-18)
(-1.37038 0.228144 -4.93962e-19)
(-1.33202 0.199913 -1.68225e-17)
(-1.30039 0.178768 -1.13631e-17)
(-1.27465 0.159786 1.18669e-17)
(-1.77579 0.525818 -2.00745e-19)
(-1.68732 0.503698 7.60351e-18)
(-1.62264 0.402639 3.84659e-19)
(-1.56003 0.31425 5.16813e-20)
(-1.50045 0.246501 -1.08438e-17)
(-1.44585 0.199718 1.81247e-19)
(-1.39808 0.169517 2.47198e-17)
(-1.35794 0.150301 4.88027e-17)
(-1.32506 0.137303 1.47813e-17)
(-1.29847 0.125474 3.09115e-18)
(-1.83332 0.41096 -2.06088e-17)
(-1.72868 0.426846 -1.28175e-18)
(-1.65453 0.321537 -1.10755e-19)
(-1.58572 0.233606 1.14466e-17)
(-1.52241 0.170517 1.07021e-17)
(-1.46576 0.131542 4.75206e-18)
(-1.41697 0.110714 -1.38855e-17)
(-1.37635 0.100765 9.62432e-18)
(-1.3432 0.0957233 7.94675e-18)
(-1.31637 0.0905851 2.37334e-17)
(-1.87422 0.286967 -7.23117e-17)
(-1.75988 0.341368 0)
(-1.67573 0.236186 -2.0333e-17)
(-1.60106 0.151721 -3.41914e-17)
(-1.53494 0.0949587 -6.49258e-19)
(-1.47738 0.0644656 1.73538e-18)
(-1.42865 0.0530134 -6.90709e-18)
(-1.38838 0.0519155 -2.84513e-17)
(-1.35548 0.0542287 -5.25069e-18)
(-1.32861 0.0551682 -2.76192e-17)
(-1.90132 0.156748 4.40131e-17)
(-1.78361 0.249435 1.62272e-19)
(-1.68917 0.148667 -6.56052e-19)
(-1.6087 0.070405 3.11296e-20)
(-1.54021 0.0211589 -2.01129e-17)
(-1.4824 -0.000784879 -7.71998e-18)
(-1.43434 -0.00343333 6.13764e-18)
(-1.39483 0.0035035 -1.67529e-17)
(-1.36232 0.0124036 7.39044e-18)
(-1.33528 0.0188568 5.6614e-18)
(-0.139988 0.186677 -1.66009e-18)
(-0.305997 0.160311 7.67121e-18)
(-0.246614 0.137586 2.67367e-18)
(-0.27845 0.113346 -5.02425e-19)
(-0.366177 0.0905246 -3.03234e-18)
(-0.47589 0.0709172 -3.79156e-18)
(-0.582398 0.0552125 1.20835e-17)
(-0.671674 0.0432141 5.67665e-19)
(-0.739362 0.0341984 -1.25167e-17)
(-0.787422 0.027506 1.01625e-17)
(-0.196506 0.583678 -9.53384e-18)
(-0.370174 0.4918 -6.93359e-20)
(-0.318716 0.422026 -8.10563e-18)
(-0.350204 0.347203 2.15163e-18)
(-0.431545 0.276921 3.31676e-18)
(-0.531601 0.217094 -1.85094e-18)
(-0.627808 0.16993 2.9914e-20)
(-0.708121 0.134662 4.75553e-18)
(-0.769169 0.108804 3.32219e-17)
(-0.812195 0.0904418 -1.40479e-17)
(-0.260744 0.628722 -1.41698e-17)
(-0.444043 0.511938 8.57452e-18)
(-0.395701 0.440688 3.189e-18)
(-0.422204 0.363097 -1.03709e-17)
(-0.493236 0.290207 7.83006e-18)
(-0.580805 0.228906 -3.93615e-18)
(-0.665125 0.181692 7.64166e-19)
(-0.736032 0.14753 3.66102e-20)
(-0.790862 0.123455 -1.19201e-18)
(-0.830539 0.107699 1.26711e-17)
(-0.334263 0.670017 1.81505e-17)
(-0.52426 0.529501 -1.22712e-17)
(-0.476473 0.458477 8.93175e-18)
(-0.495296 0.379984 -6.57033e-18)
(-0.553635 0.306134 2.32987e-18)
(-0.626952 0.244459 2.49014e-17)
(-0.698347 0.197551 -3.62807e-18)
(-0.759449 0.164117 -3.59378e-18)
(-0.80811 0.140892 2.71233e-17)
(-0.844868 0.126477 2.19055e-17)
(-0.416801 0.708557 1.24633e-17)
(-0.609454 0.546016 1.16096e-17)
(-0.560798 0.476923 -1.53882e-18)
(-0.570489 0.399451 3.29781e-18)
(-0.614928 0.326353 -1.73081e-17)
(-0.673162 0.265422 2.50171e-18)
(-0.731164 0.219141 1.84217e-17)
(-0.782215 0.185974 -1.45175e-17)
(-0.824536 0.162548 -1.08384e-17)
(-0.858191 0.148069 7.66649e-18)
(-0.508485 0.744871 -4.43956e-17)
(-0.698826 0.562945 -3.65192e-18)
(-0.648896 0.497303 2.58048e-18)
(-0.649147 0.422634 1.35712e-17)
(-0.67957 0.351864 1.05892e-17)
(-0.722782 0.292666 -1.42104e-18)
(-0.767492 0.247219 3.5797e-18)
(-0.80845 0.21378 -2.38117e-19)
(-0.844132 0.189076 1.23653e-18)
(-0.873993 0.173181 -1.6112e-17)
(-0.609599 0.778859 -1.09956e-17)
(-0.79198 0.581405 -6.2274e-18)
(-0.741191 0.520306 -2.36221e-17)
(-0.732635 0.449796 -6.59544e-18)
(-0.74985 0.382516 8.11576e-18)
(-0.77886 0.325665 2.44009e-18)
(-0.81088 0.280985 9.74649e-18)
(-0.841913 0.246617 -2.48867e-17)
(-0.870598 0.219604 7.75891e-19)
(-0.89562 0.201176 4.40928e-17)
(-0.720284 0.809619 9.1985e-18)
(-0.888701 0.601816 -5.46462e-18)
(-0.837999 0.54565 1.69248e-19)
(-0.821924 0.479906 -2.09671e-17)
(-0.827379 0.416544 4.87286e-18)
(-0.843522 0.362034 1.14284e-17)
(-0.863776 0.317649 4.09809e-18)
(-0.88518 0.281569 -4.40438e-18)
(-0.906479 0.251375 -3.0692e-17)
(-0.925442 0.229718 1.55437e-17)
(-0.84017 0.835328 2.6488e-17)
(-0.988674 0.623562 1.83078e-17)
(-0.939183 0.571744 9.86678e-18)
(-0.917145 0.510339 7.3966e-18)
(-0.912542 0.45036 -8.45041e-18)
(-0.917325 0.397453 1.39682e-17)
(-0.926811 0.352506 1.65922e-17)
(-0.93888 0.313938 -4.38889e-18)
(-0.952383 0.280047 9.45099e-18)
(-0.964106 0.255067 -1.00103e-17)
(-0.968013 0.853264 3.2826e-17)
(-1.09117 0.644765 3.29548e-17)
(-1.04379 0.595562 3.03539e-18)
(-1.01718 0.536914 -1.47996e-17)
(-1.00406 0.478826 -5.46367e-18)
(-0.998812 0.426197 -1.25862e-17)
(-0.998357 0.379706 6.39948e-18)
(-1.0013 0.338186 8.79077e-18)
(-1.00664 0.300708 3.38554e-18)
(-1.01022 0.273043 -1.41866e-19)
(-0.819097 0.0218696 -5.67607e-18)
(-0.838525 0.0168376 -1.23074e-17)
(-0.849026 0.012722 -5.94508e-18)
(-0.854167 0.00925086 -2.57103e-17)
(-0.856721 0.00633343 3.79656e-17)
(-0.859103 0.00386181 7.1018e-18)
(-0.863089 0.00172515 -3.82501e-17)
(-0.869598 -0.000164637 1.27922e-17)
(-0.87866 -0.00185719 -1.91203e-19)
(-0.889579 -0.00336476 -1.85596e-19)
(-0.901219 -0.00467567 6.60882e-18)
(-0.912306 -0.00577203 -1.38491e-17)
(-0.921685 -0.00664426 6.44407e-18)
(-0.928475 -0.00729871 1.16435e-20)
(-0.932134 -0.00775839 -7.06283e-18)
(-0.93245 -0.00805876 2.76098e-17)
(-0.929476 -0.00824148 4.83661e-17)
(-0.923455 -0.00834837 -2.02624e-17)
(-0.914743 -0.00841688 -3.37729e-17)
(-0.947588 -0.00857827 2.77583e-17)
(-0.839985 0.0745149 -4.65097e-17)
(-0.85687 0.0600853 -1.30741e-17)
(-0.865133 0.0482742 4.07692e-18)
(-0.86808 0.038092 -8.80073e-19)
(-0.868582 0.0292495 3.95283e-18)
(-0.869194 0.0214577 -1.79222e-17)
(-0.871746 0.0144595 -7.14959e-18)
(-0.877114 0.00808521 3.19162e-17)
(-0.88522 0.00227479 -7.16617e-19)
(-0.895267 -0.00294117 -6.25471e-19)
(-0.906051 -0.00748824 5.29166e-18)
(-0.916285 -0.0112982 -6.74557e-18)
(-0.924836 -0.0143451 -1.3681e-17)
(-0.930865 -0.0166602 2.87712e-17)
(-0.93387 -0.018327 7.66757e-18)
(-0.933664 -0.0194656 -1.40766e-17)
(-0.930306 -0.0202119 -2.80569e-17)
(-0.924029 -0.0206992 -4.78686e-19)
(-0.915168 -0.0210459 2.71909e-17)
(-0.8999 -0.021253 -6.94548e-18)
(-0.856456 0.0932389 -1.70447e-17)
(-0.872508 0.079408 1.35014e-17)
(-0.879924 0.0683261 2.23951e-18)
(-0.88187 0.0584383 -3.4305e-18)
(-0.881199 0.049379 -4.1203e-19)
(-0.880557 0.0408853 -3.89243e-17)
(-0.881862 0.0328102 1.1307e-17)
(-0.886028 0.0251363 3.29972e-17)
(-0.892983 0.0179543 -1.00132e-19)
(-0.901918 0.0114135 2.03807e-17)
(-0.911632 0.00566255 -1.89337e-17)
(-0.920855 0.000802921 -4.69546e-17)
(-0.92848 -0.00313654 -3.42037e-17)
(-0.933697 -0.00620126 3.39765e-17)
(-0.936022 -0.00849606 8.24013e-17)
(-0.935272 -0.0101621 -2.04539e-17)
(-0.931501 -0.0113535 -5.42159e-17)
(-0.924923 -0.0122182 1.37216e-17)
(-0.915849 -0.012886 2.0137e-17)
(-0.868105 -0.0127384 -6.44433e-18)
(-0.869422 0.112213 -4.18517e-17)
(-0.885569 0.0978733 -5.25967e-17)
(-0.893214 0.0869129 -1.52941e-17)
(-0.895185 0.0770939 1.41416e-17)
(-0.894161 0.0678675 3.78887e-17)
(-0.892805 0.0588903 -4.60256e-18)
(-0.893131 0.0500337 -7.16836e-18)
(-0.896159 0.0413618 9.41293e-18)
(-0.901904 0.0330701 -1.04715e-18)
(-0.909626 0.0254026 -1.78536e-18)
(-0.918173 0.0185768 2.041e-18)
(-0.926312 0.0127333 8.77823e-20)
(-0.932966 0.00791641 -4.92694e-18)
(-0.937339 0.00408055 2.52259e-17)
(-0.938953 0.00111272 8.2234e-18)
(-0.93762 -0.00113921 -1.79611e-17)
(-0.933376 -0.00284021 -6.77333e-18)
(-0.926417 -0.00414806 -2.48255e-19)
(-0.917031 -0.00520076 6.71278e-18)
(-0.851588 -0.00476947 2.07189e-20)
(-0.881051 0.132457 1.93322e-17)
(-0.897323 0.116117 -7.50364e-18)
(-0.905524 0.104325 2.51309e-17)
(-0.908053 0.0940587 1.76758e-17)
(-0.907212 0.0844934 -3.52746e-17)
(-0.905556 0.0750955 -2.77304e-17)
(-0.905153 0.0656497 -2.51892e-18)
(-0.907154 0.056219 3.30496e-17)
(-0.911713 0.0470467 -2.24526e-17)
(-0.918207 0.038441 -2.2874e-17)
(-0.925567 0.0306768 3.58169e-17)
(-0.932614 0.0239361 -3.83696e-17)
(-0.938295 0.0182871 -1.57289e-17)
(-0.941824 0.0136944 3.1245e-17)
(-0.942715 0.0100466 -6.42967e-18)
(-0.940767 0.00718848 6.96273e-18)
(-0.935995 0.00494975 1.92622e-17)
(-0.928576 0.00316685 1.26167e-19)
(-0.918778 0.00169606 -1.2244e-17)
(-0.848673 0.00209353 -1.17967e-17)
(-0.894078 0.154678 -8.47299e-18)
(-0.90956 0.134827 -2.03875e-17)
(-0.9178 0.121111 2.22402e-17)
(-0.920819 0.109688 8.31539e-18)
(-0.920326 0.0994163 -2.55678e-17)
(-0.91859 0.0894891 1.54401e-17)
(-0.917643 0.0795109 4.48296e-18)
(-0.918735 0.0694596 -2.61873e-17)
(-0.922177 0.0595658 3.27621e-17)
(-0.927484 0.0501657 3.746e-17)
(-0.933693 0.0415762 -1.97829e-17)
(-0.939682 0.0340177 -6.38831e-18)
(-0.944423 0.0275866 -3.56877e-18)
(-0.947129 0.0222647 6.43648e-18)
(-0.947302 0.0179488 -1.21831e-17)
(-0.944717 0.0144856 -2.35991e-17)
(-0.93937 0.0117038 1.68271e-17)
(-0.931417 0.00943656 5.18838e-18)
(-0.921111 0.00753651 7.82927e-19)
(-0.856902 0.00749744 5.6366e-18)
(-0.911349 0.17859 1.72793e-17)
(-0.924314 0.154213 -1.97151e-19)
(-0.931292 0.137676 -3.03832e-17)
(-0.934123 0.124396 -2.86822e-17)
(-0.933726 0.112963 5.28276e-19)
(-0.931891 0.102275 3.96253e-17)
(-0.930468 0.0916999 -9.25864e-18)
(-0.930736 0.0810616 -4.50219e-18)
(-0.933133 0.0705228 -2.9122e-17)
(-0.93732 0.0604113 8.47072e-18)
(-0.942439 0.0510671 3.33712e-17)
(-0.947429 0.0427437 -1.06355e-17)
(-0.951281 0.0355667 -1.59582e-17)
(-0.953201 0.0295387 -3.15761e-19)
(-0.95267 0.0245687 -7.77374e-18)
(-0.949437 0.0205088 1.03979e-17)
(-0.943476 0.0171885 3.3995e-17)
(-0.934922 0.0144397 -2.15003e-17)
(-0.924016 0.0121124 -2.24424e-17)
(-0.873332 0.0112974 -2.58832e-19)
(-0.935131 0.202565 2.15786e-17)
(-0.943382 0.173653 -9.76115e-18)
(-0.947277 0.153952 -2.86974e-17)
(-0.948747 0.138378 1.28376e-17)
(-0.947807 0.125403 7.92834e-18)
(-0.945597 0.113701 1.81231e-17)
(-0.943624 0.102396 3.31544e-17)
(-0.943086 0.0911284 -1.31369e-17)
(-0.944492 0.0799515 9.8581e-18)
(-0.947621 0.0691541 -6.38563e-18)
(-0.951716 0.0590817 -2.21861e-17)
(-0.955772 0.0500134 3.43245e-17)
(-0.958794 0.0421037 1.08267e-17)
(-0.959972 0.0353782 -4.1538e-17)
(-0.958758 0.0297601 1.3913e-18)
(-0.954872 0.0251087 9.30007e-18)
(-0.948262 0.0212555 -1.84368e-17)
(-0.939046 0.0180315 -1.02866e-17)
(-0.927453 0.0152843 3.98293e-17)
(-0.894848 0.0135115 2.9672e-17)
(-0.966419 0.223816 -3.61213e-18)
(-0.967818 0.191678 6.06448e-18)
(-0.966713 0.169278 -1.06611e-17)
(-0.965394 0.151448 -5.40492e-17)
(-0.963004 0.136793 -5.19464e-18)
(-0.959927 0.123911 1.70356e-17)
(-0.957189 0.111754 1.14459e-17)
(-0.955783 0.0997882 3.56231e-17)
(-0.95621 0.0879435 -1.29675e-17)
(-0.958325 0.0764491 -2.6854e-17)
(-0.961455 0.0656426 9.66089e-18)
(-0.964639 0.0558231 -1.11245e-17)
(-0.966887 0.0471733 -3.40878e-18)
(-0.967367 0.0397428 2.69078e-18)
(-0.965494 0.0334712 4.38068e-18)
(-0.960953 0.028226 -5.64712e-18)
(-0.953664 0.0238411 1.2362e-17)
(-0.943728 0.0201464 2.96543e-17)
(-0.931366 0.0169872 9.68892e-18)
(-0.918446 0.014258 -4.11131e-18)
(-1.00123 0.232984 -2.50515e-17)
(-0.995662 0.202809 -1.17461e-17)
(-0.988399 0.179902 2.49706e-17)
(-0.983225 0.161014 1.46777e-17)
(-0.978604 0.145247 -2.34775e-17)
(-0.974209 0.131421 -1.98662e-17)
(-0.970521 0.118513 -2.3804e-17)
(-0.968237 0.105917 1.47938e-18)
(-0.967767 0.0934753 2.36745e-17)
(-0.968993 0.0813665 -5.58409e-18)
(-0.971293 0.0699164 -3.46235e-18)
(-0.973737 0.0594408 -2.08484e-17)
(-0.975329 0.0501491 2.51275e-17)
(-0.975204 0.0421151 3.15207e-17)
(-0.972736 0.0352931 -3.19721e-17)
(-0.96757 0.0295565 -3.86841e-17)
(-0.959595 0.0247382 -1.06489e-17)
(-0.948895 0.0206633 1.41455e-17)
(-0.935688 0.0171709 1.01996e-17)
(-0.941461 0.0137901 4.52409e-18)
(-1.04784 0.225775 0)
(-1.02603 0.199952 -5.92047e-18)
(-1.01294 0.179597 1.26864e-17)
(-1.0033 0.162162 -3.85823e-18)
(-0.995669 0.147054 -1.11118e-17)
(-0.989459 0.133385 2.14548e-18)
(-0.984716 0.120369 0)
(-0.981717 0.107556 -5.14572e-18)
(-0.980576 0.0948783 0)
(-0.98103 0.0825426 0)
(-0.98243 0.0708737 0)
(-0.98389 0.0601742 0)
(-0.984472 0.0506416 -3.53676e-18)
(-0.983363 0.0423447 4.54008e-18)
(-0.979965 0.0352408 2.4652e-18)
(-0.973932 0.029212 0)
(-0.96515 0.024103 -1.52424e-18)
(-0.95369 0.0197515 -5.75317e-19)
(-0.939757 0.0160079 -1.70041e-19)
(-0.96136 0.0125497 0)
(-1.06679 0.212449 -1.14042e-17)
(-1.04612 0.191704 0)
(-1.03103 0.174665 1.86279e-17)
(-1.01933 0.159241 -3.1993e-31)
(-1.01014 0.145157 -1.82505e-17)
(-1.00303 0.131884 0)
(-0.997899 0.118944 0)
(-0.994714 0.106102 0)
(-0.993298 0.093398 0)
(-0.993213 0.0810688 0)
(-0.993771 0.0694241 0)
(-0.994148 0.0587375 0)
(-0.993523 0.0491826 0)
(-0.991195 0.040817 0)
(-0.98666 0.0335999 0)
(-0.979624 0.0274244 0)
(-0.969996 0.0221505 0)
(-0.957843 0.0176321 0)
(-0.943353 0.0137339 0)
(-0.978202 0.0103404 0)
(-1.08105 0.191872 -8.60422e-18)
(-1.06121 0.176633 3.19129e-18)
(-1.04544 0.16345 2.18415e-17)
(-1.03295 0.150607 2.72107e-18)
(-1.02319 0.138081 -1.59916e-17)
(-1.01582 0.125684 2.27077e-18)
(-1.01062 0.113264 2.04638e-18)
(-1.00735 0.100816 1.82148e-18)
(-1.00567 0.0884978 0)
(-1.00504 0.0765728 1.38346e-18)
(-1.00478 0.0653265 1.18028e-18)
(-1.00414 0.0549937 9.93588e-19)
(-1.00239 0.0457172 8.25987e-19)
(-0.998934 0.037542 6.78283e-19)
(-0.99334 0.0304309 5.49804e-19)
(-0.985361 0.0242919 4.38889e-19)
(-0.974921 0.0190056 0)
(-0.962088 0.0144467 2.61014e-19)
(-0.947035 0.0104984 1.89678e-19)
(-0.991194 0.00705965 1.27549e-19)
(-1.09096 0.172138 -8.16982e-18)
(-1.07246 0.160878 -4.13429e-19)
(-1.05705 0.150551 1.90981e-17)
(-1.0447 0.139751 -3.8278e-31)
(-1.03506 0.128611 -1.87008e-17)
(-1.02785 0.117166 2.09237e-32)
(-1.02277 0.105469 -1.37569e-31)
(-1.01948 0.0936576 1.84193e-17)
(-1.01754 0.0819538 -3.97621e-31)
(-1.01638 0.0706269 -1.83633e-17)
(-1.01535 0.059936 7.0898e-32)
(-1.01376 0.0500836 1.0384e-31)
(-1.01097 0.0411908 3.56735e-31)
(-1.00648 0.033296 6.23581e-32)
(-0.99991 0.0263699 2.28106e-31)
(-0.99105 0.0203375 1.79056e-17)
(-0.979841 0.0151005 -1.35403e-31)
(-0.966351 0.0105548 -1.74594e-17)
(-0.950741 0.00660203 1.23008e-31)
(-0.99932 0.00315612 1.05148e-31)
(-1.09798 0.152988 1.43606e-17)
(-1.08104 0.144474 -2.61026e-18)
(-1.06657 0.136213 1.68091e-17)
(-1.05489 0.12705 -2.29545e-18)
(-1.04578 0.11719 -2.10117e-17)
(-1.03896 0.106787 -1.92935e-18)
(-1.03413 0.0960048 -1.73455e-18)
(-1.03087 0.0850497 -1.53662e-18)
(-1.0287 0.0741675 0)
(-1.02706 0.0636153 -1.14936e-18)
(-1.02533 0.0536242 -9.68845e-19)
(-1.02289 0.0443701 -8.01648e-19)
(-1.01918 0.0359584 -6.49673e-19)
(-1.01376 0.0284265 -5.13591e-19)
(-1.0063 0.0217558 -3.93068e-19)
(-0.99663 0.0158898 -2.87085e-19)
(-0.984704 0.010752 0)
(-0.970587 0.00625989 -1.13099e-19)
(-0.954434 0.00233414 -4.21717e-20)
(-1.00191 -0.00109588 1.97997e-20)
(-1.1031 0.134178 5.84017e-18)
(-1.08776 0.127586 0)
(-1.07448 0.120876 1.94129e-17)
(-1.06372 0.113097 -7.34137e-32)
(-1.05532 0.104472 -1.90669e-17)
(-1.04903 0.0952015 0)
(-1.0445 0.0854923 0)
(-1.04132 0.0755696 0)
(-1.03898 0.0656728 0)
(-1.03693 0.0560354 0)
(-1.0346 0.0468598 0)
(-1.03142 0.0382987 0)
(-1.02692 0.0304467 0)
(-1.02068 0.0233429 0)
(-1.01245 0.0169814 0)
(-1.00205 0.0113253 0)
(-0.989471 0.00631993 0)
(-0.974768 0.00190464 0)
(-0.958096 -0.00198038 0)
(-0.998684 -0.00538958 0)
(-1.10695 0.115837 0)
(-1.09311 0.110668 0)
(-1.08106 0.105209 1.95318e-17)
(-1.07129 0.0986703 -3.50791e-31)
(-1.06367 0.0912646 -1.92177e-17)
(-1.05794 0.0831943 0)
(-1.05376 0.0746652 0)
(-1.05069 0.0658912 0)
(-1.04824 0.0570877 0)
(-1.04587 0.0484569 0)
(-1.04306 0.0401724 0)
(-1.0393 0.0323662 0)
(-1.03413 0.0251245 0)
(-1.02722 0.01849 0)
(-1.01832 0.0124699 0)
(-1.00729 0.00704649 0)
(-0.994124 0.00218703 0)
(-0.978887 -0.00214763 0)
(-0.961728 -0.00599751 0)
(-0.989808 -0.00940022 0)
(-1.10986 0.0984277 -1.6468e-17)
(-1.09736 0.0943895 0)
(-1.08648 0.0900092 1.96297e-17)
(-1.07766 0.0846251 1.52895e-18)
(-1.0708 0.0784214 -1.93465e-17)
(-1.06563 0.0715786 0)
(-1.06181 0.0642792 0)
(-1.05889 0.0567078 0)
(-1.05641 0.049046 0)
(-1.05384 0.0414621 0)
(-1.05069 0.0341008 0)
(-1.04647 0.0270751 0)
(-1.04079 0.0204638 0)
(-1.03334 0.0143134 0)
(-1.02389 0.00864354 0)
(-1.01234 0.00345452 0)
(-0.998665 -0.00126552 0)
(-0.982953 -0.00553474 0)
(-0.965349 -0.00937359 0)
(-0.975885 -0.0128024 0)
(-1.11202 0.0825349 0)
(-1.10067 0.0794546 0)
(-1.09082 0.0760474 0)
(-1.08288 0.0717523 -6.19023e-32)
(-1.07672 0.0667175 0)
(-1.07208 0.0610898 0)
(-1.06863 0.0550171 0)
(-1.06592 0.0486472 0)
(-1.06348 0.0421242 0)
(-1.06082 0.0355819 0)
(-1.05745 0.029137 0)
(-1.05294 0.0228846 0)
(-1.0469 0.0168964 0)
(-1.03904 0.0112214 0)
(-1.02917 0.00589004 0)
(-1.0172 0.000918954 0)
(-1.00311 -0.00368472 0)
(-0.986995 -0.00791938 0)
(-0.968996 -0.0117864 0)
(-0.957954 -0.0152888 0)
(-1.11352 0.0686576 0)
(-1.10313 0.0664324 0)
(-1.09418 0.063929 1.97688e-17)
(-1.08699 0.060665 -1.09605e-18)
(-1.08146 0.0567505 -1.95391e-17)
(-1.07733 0.052295 0)
(-1.07425 0.0474082 0)
(-1.07179 0.0421995 0)
(-1.06948 0.0367756 0)
(-1.06683 0.031237 0)
(-1.06338 0.0256742 0)
(-1.05871 0.020165 0)
(-1.05246 0.014773 0)
(-1.04435 0.00954861 0)
(-1.03419 0.00453062 0)
(-1.02191 -0.000250769 0)
(-1.0075 -0.0047716 0)
(-0.991055 -0.00901217 0)
(-0.972718 -0.0129558 0)
(-0.93745 -0.0165885 0)
(-1.1144 0.0570852 0)
(-1.10481 0.0556589 0)
(-1.09659 0.0540134 1.98125e-17)
(-1.09006 0.0517287 -1.37071e-31)
(-1.08509 0.048879 -1.96046e-17)
(-1.08143 0.0455373 0)
(-1.07872 0.0417761 0)
(-1.07655 0.037668 0)
(-1.07444 0.0332849 0)
(-1.07192 0.0286963 0)
(-1.06852 0.0239684 0)
(-1.06384 0.0191619 0)
(-1.05751 0.0143318 0)
(-1.04928 0.00952736 0)
(-1.03897 0.0047933 0)
(-1.0265 0.000170445 0)
(-1.01188 -0.00430315 0)
(-0.995179 -0.00859178 0)
(-0.976572 -0.0126621 0)
(-0.91614 -0.0164835 0)
(-1.11467 0.0478644 0)
(-1.10571 0.0472113 0)
(-1.09811 0.0463947 1.98399e-17)
(-1.09213 0.0450462 -1.35755e-31)
(-1.08765 0.0432081 -1.9651e-17)
(-1.08443 0.0409201 0)
(-1.08212 0.0382212 0)
(-1.08028 0.0351505 0)
(-1.07845 0.0317485 0)
(-1.07615 0.0280566 0)
(-1.07292 0.0241181 0)
(-1.06835 0.019977 0)
(-1.06209 0.0156785 0)
(-1.05388 0.0112688 0)
(-1.04355 0.00679541 0)
(-1.03101 0.00230663 0)
(-1.01627 -0.00214828 0)
(-0.999414 -0.00651998 0)
(-0.98061 -0.0107601 0)
(-0.896042 -0.0148226 0)
(-1.11431 0.0408311 -2.00741e-17)
(-1.10586 0.0409414 0)
(-1.09876 0.0409352 1.98516e-17)
(-1.09325 0.0404882 -1.35342e-31)
(-1.08921 0.0396158 -1.96792e-17)
(-1.08641 0.0383291 0)
(-1.08449 0.0366376 0)
(-1.08303 0.0345511 0)
(-1.08154 0.0320817 0)
(-1.07955 0.0292456 0)
(-1.0766 0.0260643 0)
(-1.07228 0.0225653 0)
(-1.06622 0.0187828 0)
(-1.05817 0.0147576 0)
(-1.04794 0.0105367 0)
(-1.03545 0.00617307 0)
(-1.0207 0.00172395 0)
(-1.00379 -0.00275029 0)
(-0.984875 -0.00718826 0)
(-0.879322 -0.0115295 0)
(-1.11331 0.0356801 3.0259e-17)
(-1.10526 0.0365449 0)
(-1.09856 0.0373317 1.9848e-17)
(-1.09345 0.0377562 -1.2742e-31)
(-1.08981 0.037811 -1.969e-17)
(-1.08741 0.0374832 0)
(-1.0859 0.036757 0)
(-1.08483 0.0356163 0)
(-1.08375 0.0340483 0)
(-1.08216 0.0320456 0)
(-1.0796 0.0296091 0)
(-1.07563 0.0267494 0)
(-1.0699 0.0234882 0)
(-1.06213 0.0198583 0)
(-1.05213 0.0159037 0)
(-1.03982 0.0116783 0)
(-1.02519 0.00724432 0)
(-1.00833 0.00267038 0)
(-0.989389 -0.00197136 0)
(-0.86819 -0.00660773 0)
(-1.11168 0.0320433 1.94288e-17)
(-1.10392 0.0336408 0)
(-1.09755 0.0351953 1.98297e-17)
(-1.09277 0.0364582 6.81676e-32)
(-1.08949 0.0374037 -1.96841e-17)
(-1.08747 0.0379988 0)
(-1.08636 0.0382059 0)
(-1.08573 0.0379865 0)
(-1.08511 0.0373048 0)
(-1.08399 0.0361317 0)
(-1.0819 0.0344477 0)
(-1.0784 0.0322459 0)
(-1.07311 0.0295337 0)
(-1.06575 0.0263337 0)
(-1.05612 0.0226834 0)
(-1.04411 0.0186347 0)
(-1.02971 0.0142513 0)
(-1.01301 0.00960714 0)
(-0.994153 0.00478246 0)
(-0.864792 -0.000138766 0)
(-1.10943 0.0295581 0)
(-1.10188 0.0318443 0)
(-1.09574 0.0341237 1.97971e-17)
(-1.09124 0.0361808 6.5369e-19)
(-1.08827 0.0379747 -1.96622e-17)
(-1.08661 0.0394556 0)
(-1.08591 0.0405674 0)
(-1.08574 0.0412516 0)
(-1.08561 0.0414515 0)
(-1.08502 0.0411171 0)
(-1.08348 0.0402086 0)
(-1.08054 0.0387007 0)
(-1.07581 0.0365848 0)
(-1.06898 0.0338704 0)
(-1.05983 0.0305857 0)
(-1.04825 0.0267769 0)
(-1.03422 0.022506 0)
(-1.01779 0.0178486 0)
(-0.999135 0.0128905 0)
(-0.871101 0.00772391 0)
(-1.10661 0.0279139 -1.87268e-17)
(-1.09917 0.0308175 0)
(-1.09321 0.033756 0)
(-1.08892 0.0365452 -3.88558e-32)
(-1.08621 0.039132 0)
(-1.08488 0.0414526 0)
(-1.08456 0.043435 0)
(-1.08485 0.0450031 0)
(-1.08524 0.046081 0)
(-1.08523 0.0465985 0)
(-1.08432 0.0464956 0)
(-1.08202 0.0457275 0)
(-1.07794 0.0442676 0)
(-1.07175 0.0421099 0)
(-1.06321 0.03927 0)
(-1.05219 0.035785 0)
(-1.03864 0.0317115 0)
(-1.02262 0.0271236 0)
(-1.00428 0.022109 0)
(-0.888833 0.0167654 0)
(-1.10332 0.0268748 -9.77729e-18)
(-1.09589 0.030298 0)
(-1.09002 0.0338048 1.96937e-17)
(-1.08586 0.0372425 -6.72873e-19)
(-1.08336 0.0405481 -1.95735e-17)
(-1.08231 0.0436465 0)
(-1.08236 0.0464525 0)
(-1.08309 0.0488743 0)
(-1.08401 0.0508186 0)
(-1.08461 0.0521958 0)
(-1.08436 0.0529259 0)
(-1.08277 0.0529436 0)
(-1.07943 0.0522028 0)
(-1.07398 0.0506794 0)
(-1.06616 0.0483738 0)
(-1.05581 0.0453101 0)
(-1.04288 0.0415363 0)
(-1.0274 0.0371208 0)
(-1.00949 0.0321499 0)
(-0.919371 0.0267237 0)
(-1.09965 0.0262819 -4.19786e-18)
(-1.09214 0.030105 0)
(-1.08626 0.0340672 1.96259e-17)
(-1.08217 0.0380487 -7.4634e-32)
(-1.07981 0.041979 -1.95092e-17)
(-1.07897 0.0457744 0)
(-1.07934 0.0493389 0)
(-1.08048 0.0525674 0)
(-1.08192 0.0553508 0)
(-1.08313 0.0575817 0)
(-1.08357 0.0591602 0)
(-1.08274 0.0600005 0)
(-1.08021 0.0600355 0)
(-1.07558 0.0592215 0)
(-1.06858 0.0575403 0)
(-1.05902 0.0550005 0)
(-1.04683 0.0516373 0)
(-1.03201 0.0475101 0)
(-1.01467 0.0427001 0)
(-0.963714 0.0373057 0)
(-1.09584 0.00869493 0)
(-1.08804 0.0100242 0)
(-1.08207 0.0114106 1.95501e-17)
(-1.07795 0.0128188 -6.84016e-32)
(-1.07564 0.0142244 -1.94339e-17)
(-1.07495 0.0155981 0)
(-1.07557 0.0169065 0)
(-1.07708 0.0181124 0)
(-1.079 0.019177 0)
(-1.0808 0.0200616 0)
(-1.08194 0.0207299 0)
(-1.0819 0.0211495 0)
(-1.08021 0.0212948 0)
(-1.07647 0.0211476 0)
(-1.07038 0.0206986 0)
(-1.06171 0.0199479 0)
(-1.05037 0.0189047 0)
(-1.03633 0.017587 0)
(-1.0197 0.0160208 0)
(-1.02245 0.0142382 0)
(-1.31241 0.0217024 -9.18701e-18)
(-1.30639 0.0535313 -1.02219e-18)
(-1.29484 0.0842907 -2.27071e-17)
(-1.27792 0.114292 -1.0592e-18)
(-1.25575 0.143576 2.00718e-17)
(-1.22831 0.171774 -9.01263e-18)
(-1.19556 0.197911 3.46162e-18)
(-1.15769 0.220291 5.7427e-18)
(-1.11547 0.236679 4.79289e-18)
(-1.06841 0.246631 -3.96346e-18)
(-1.2927 0.0215107 3.78658e-18)
(-1.28792 0.0493774 -1.00619e-18)
(-1.278 0.0761482 5.4145e-18)
(-1.2633 0.102004 -7.88617e-18)
(-1.24419 0.126949 -4.83648e-18)
(-1.221 0.150746 -1.97449e-17)
(-1.19402 0.17282 -3.0741e-18)
(-1.16354 0.192166 1.19291e-17)
(-1.13007 0.207391 8.41691e-18)
(-1.09017 0.219143 -5.3291e-18)
(-1.27559 0.0193028 -1.2752e-17)
(-1.27197 0.0435438 -1.61051e-17)
(-1.26345 0.0668145 4.71023e-18)
(-1.2505 0.0892237 1.76591e-17)
(-1.2336 0.11077 1.18886e-19)
(-1.21326 0.1313 -4.15134e-18)
(-1.18993 0.15046 -5.45448e-18)
(-1.16404 0.167649 -2.32031e-18)
(-1.13603 0.182016 -1.18362e-18)
(-1.10261 0.19426 2.57105e-18)
(-1.26066 0.0162393 -6.46815e-19)
(-1.25807 0.0373822 -4.01428e-18)
(-1.25081 0.0576852 1.94842e-17)
(-1.23937 0.0772168 -1.4931e-17)
(-1.22431 0.0959969 -2.85076e-17)
(-1.20622 0.113945 2.09121e-17)
(-1.18566 0.130834 2.62151e-17)
(-1.16314 0.146274 5.78696e-18)
(-1.13912 0.159712 -3.67554e-17)
(-1.11065 0.171848 -1.87745e-17)
(-1.24761 0.0129052 9.03324e-18)
(-1.24591 0.0313637 -2.74288e-17)
(-1.23976 0.0490773 -8.04972e-18)
(-1.22963 0.0660835 3.43786e-18)
(-1.21613 0.0824328 3.85614e-18)
(-1.19987 0.0981203 3.19566e-17)
(-1.18148 0.11303 -8.38212e-18)
(-1.16152 0.126912 2.25008e-18)
(-1.14049 0.139394 -1.41437e-17)
(-1.11583 0.15114 -2.30158e-17)
(-1.23618 0.00957649 -3.96608e-18)
(-1.23525 0.0257162 1.89476e-17)
(-1.23008 0.0411714 -2.8414e-18)
(-1.22112 0.0559447 7.69318e-18)
(-1.20894 0.0701051 1.29515e-17)
(-1.19419 0.0837109 -6.25308e-18)
(-1.17754 0.0967426 1.02678e-17)
(-1.15959 0.109071 6.05259e-18)
(-1.14087 0.120457 -1.81809e-17)
(-1.11925 0.131532 -5.75824e-18)
(-1.22614 0.00635207 1.9623e-17)
(-1.22588 0.0204999 -8.9242e-20)
(-1.22159 0.0340068 -1.53647e-17)
(-1.21366 0.0468363 -4.68239e-18)
(-1.20264 0.059054 -8.80464e-18)
(-1.18916 0.0707536 -7.25547e-18)
(-1.17393 0.081986 -9.38622e-18)
(-1.15759 0.0927182 8.90381e-18)
(-1.1407 0.102825 1.32552e-17)
(-1.12157 0.112917 -7.11892e-18)
(-1.2173 0.00327513 -4.2088e-18)
(-1.21761 0.0157091 -1.13078e-17)
(-1.21412 0.0275482 1.97629e-18)
(-1.20713 0.0387176 1.71356e-17)
(-1.19712 0.0492611 1.08404e-17)
(-1.18473 0.0592765 -6.94639e-18)
(-1.17067 0.0688499 -1.29359e-17)
(-1.15564 0.0780124 -5.09502e-18)
(-1.14022 0.0867227 2.12039e-17)
(-1.12316 0.0955809 -2.62486e-18)
(-1.20948 0.000399836 1.24979e-17)
(-1.21029 0.0113413 -1.19807e-17)
(-1.20751 0.0217487 1.39504e-19)
(-1.20136 0.0315167 -4.42667e-18)
(-1.19226 0.0406575 1.11087e-17)
(-1.18082 0.0492484 1.47211e-17)
(-1.16775 0.0573773 -1.90682e-17)
(-1.15379 0.0651029 -1.57376e-17)
(-1.13956 0.0724345 3.62891e-18)
(-1.12421 0.0799515 1.88567e-17)
(-1.20259 -0.00219119 1.25506e-17)
(-1.2038 0.00742296 -1.21873e-17)
(-1.20164 0.0165836 1.00505e-18)
(-1.19623 0.0251669 3.33382e-17)
(-1.18794 0.0331533 -1.49616e-17)
(-1.17732 0.0405859 -4.76432e-19)
(-1.16509 0.0475302 -4.53601e-18)
(-1.15202 0.0540418 -8.03067e-18)
(-1.13875 0.0601472 1.39883e-17)
(-1.1248 0.0663843 -1.33857e-17)
(-1.19651 -0.00439627 -1.26966e-20)
(-1.19804 0.00400793 -2.43852e-17)
(-1.19639 0.0120572 3.94851e-18)
(-1.19162 0.0196234 2.06419e-17)
(-1.18402 0.0266614 -1.47102e-17)
(-1.17411 0.0331779 -9.29718e-18)
(-1.1626 0.0392034 1.5461e-17)
(-1.15026 0.0447696 1.57594e-17)
(-1.13778 0.0498946 1.89534e-19)
(-1.12496 0.0550537 -9.24472e-18)
(-1.19121 -0.00611165 9.26152e-18)
(-1.19295 0.00116352 4.19758e-18)
(-1.19171 0.00819514 2.37766e-18)
(-1.18745 0.0148643 -4.28451e-18)
(-1.18041 0.0211101 -2.13096e-18)
(-1.17109 0.0269078 -3.96988e-19)
(-1.16018 0.0322515 3.40611e-18)
(-1.14844 0.0371401 6.86767e-18)
(-1.13659 0.0415679 -5.07206e-18)
(-1.12465 0.0459326 -6.06385e-18)
(-1.18664 -0.00724618 -4.16443e-18)
(-1.1885 -0.00104333 -4.18337e-18)
(-1.18753 0.00503359 -1.41734e-18)
(-1.18365 0.0108852 1.67776e-17)
(-1.17705 0.0164459 -1.40213e-17)
(-1.16819 0.0216691 -2.55191e-17)
(-1.15775 0.0265177 -1.85107e-17)
(-1.14647 0.0309585 1.92449e-17)
(-1.13512 0.0349577 4.34789e-17)
(-1.12385 0.0388298 -1.9072e-17)
(-1.18278 -0.00773009 -1.41432e-19)
(-1.18467 -0.00255649 2.95229e-17)
(-1.18386 0.00260849 4.26147e-19)
(-1.18022 0.00769185 -1.59469e-17)
(-1.17391 0.012633 -3.21553e-18)
(-1.16537 0.0173736 3.59309e-19)
(-1.15525 0.0218554 -3.83771e-19)
(-1.14432 0.0260195 6.21922e-18)
(-1.13331 0.029807 -2.84238e-17)
(-1.12253 0.0334536 -1.29339e-17)
(-1.1796 -0.00751844 -3.85955e-17)
(-1.18144 -0.00333649 -2.52063e-17)
(-1.18067 0.000948506 2.17651e-18)
(-1.17713 0.00529316 1.81348e-17)
(-1.17098 0.0096487 -3.68779e-19)
(-1.16262 0.0139549 -4.58237e-18)
(-1.15269 0.018142 2.09828e-17)
(-1.14194 0.0221355 8.75479e-18)
(-1.13114 0.0258587 -2.67173e-17)
(-1.12067 0.0294787 -8.26189e-18)
(-1.1771 -0.0065908 1.26966e-17)
(-1.17881 -0.00336269 -2.57221e-17)
(-1.17797 7.05997e-05 2.68122e-19)
(-1.17442 0.00369539 3.82095e-17)
(-1.16828 0.00747877 8.43362e-18)
(-1.15995 0.0113657 2.65474e-18)
(-1.15007 0.0152845 -8.83563e-18)
(-1.13937 0.0191539 -8.0358e-18)
(-1.12863 0.0228889 -6.49345e-19)
(-1.1183 0.0266 -1.06384e-17)
(-1.17524 -0.00494867 -8.47755e-18)
(-1.17677 -0.00263302 3.979e-18)
(-1.17577 -2.19517e-05 3.22241e-18)
(-1.17209 0.00289827 -2.15555e-19)
(-1.16584 0.00611203 4.84749e-18)
(-1.15742 0.00957412 -8.28815e-18)
(-1.14744 0.0132174 -2.34405e-18)
(-1.13665 0.0169623 2.21382e-17)
(-1.12582 0.0207233 1.76141e-17)
(-1.11548 0.024566 -1.67696e-17)
(-1.17402 -0.00261185 3.8105e-18)
(-1.17531 -0.00116223 3.81846e-17)
(-1.17408 0.000660144 -1.26414e-17)
(-1.17016 0.00289251 -8.76329e-18)
(-1.1637 0.00553586 -8.6105e-18)
(-1.15506 0.00855693 -8.54339e-18)
(-1.14487 0.0118975 2.06085e-17)
(-1.13385 0.015485 8.05908e-18)
(-1.1228 0.0192404 -7.12937e-18)
(-1.11229 0.0231922 -6.80775e-19)
(-1.1734 0.000385341 -1.34755e-17)
(-1.17442 0.00102065 -1.70073e-17)
(-1.17289 0.00209308 5.13957e-18)
(-1.16868 0.00365865 8.95987e-18)
(-1.1619 0.00573278 -4.72222e-19)
(-1.15295 0.00829428 9.23065e-18)
(-1.14243 0.0112958 7.59992e-18)
(-1.13107 0.0146752 -2.05696e-17)
(-1.11966 0.0183639 -4.26274e-18)
(-1.10884 0.0223581 1.31207e-17)
(-1.17336 0.000684311 1.72793e-19)
(-1.17409 0.00076487 4.00623e-18)
(-1.17225 0.00100166 -1.1244e-19)
(-1.16771 0.00141559 1.31854e-17)
(-1.1606 0.00201317 -5.0566e-18)
(-1.15132 0.00278837 3.7136e-19)
(-1.14044 0.00372636 -1.25235e-17)
(-1.12868 0.0048073 -1.63514e-17)
(-1.11682 0.00600899 1.74904e-17)
(-1.10551 0.00732259 9.06417e-18)
(-1.07725 -0.20088 2.88186e-17)
(-1.07929 -0.216967 -9.69772e-19)
(-1.07337 -0.241552 -1.13552e-17)
(-1.05415 -0.284182 -5.37358e-18)
(-1.01899 -0.354174 -2.99919e-18)
(-0.974162 -0.458735 -6.69633e-18)
(-0.945638 -0.593424 -1.46333e-17)
(-0.98773 -0.726556 -5.77185e-19)
(-1.16231 -0.798823 6.43867e-18)
(-1.24669 -1.01541 -3.84258e-17)
(-1.11791 -0.213836 -1.80074e-17)
(-1.12162 -0.230065 -2.19579e-17)
(-1.11904 -0.255044 4.04277e-18)
(-1.10751 -0.296842 -9.40049e-18)
(-1.08806 -0.362429 1.10342e-17)
(-1.07048 -0.455892 -1.85955e-17)
(-1.0798 -0.570741 1.65335e-17)
(-1.15861 -0.678095 2.72579e-17)
(-1.34718 -0.727951 5.13151e-18)
(-1.41925 -0.965304 1.29865e-16)
(-1.16307 -0.223498 -1.22478e-17)
(-1.16992 -0.240849 0)
(-1.17248 -0.266284 5.58786e-18)
(-1.17031 -0.30624 6.19163e-18)
(-1.16728 -0.364823 2.97702e-18)
(-1.17488 -0.442907 5.65531e-19)
(-1.21514 -0.532881 4.23294e-17)
(-1.31887 -0.610617 -3.37571e-18)
(-1.50927 -0.637109 -1.76308e-17)
(-1.57236 -0.888509 2.23875e-17)
(-1.2083 -0.223135 -2.94788e-18)
(-1.21995 -0.242565 3.3056e-18)
(-1.22924 -0.2686 -1.93635e-20)
(-1.23732 -0.306055 -8.00852e-18)
(-1.24961 -0.355993 -1.26539e-17)
(-1.27761 -0.416337 1.82069e-17)
(-1.33933 -0.479276 -3.43428e-19)
(-1.45563 -0.526596 -8.66866e-18)
(-1.63835 -0.530577 4.81783e-17)
(-1.69818 -0.787727 -6.33932e-17)
(-1.24883 -0.208475 -4.02235e-18)
(-1.2662 -0.230126 -4.65243e-18)
(-1.28279 -0.256709 -1.49133e-17)
(-1.30063 -0.291409 1.78051e-17)
(-1.32553 -0.332428 -3.17268e-18)
(-1.36783 -0.375159 3.62698e-18)
(-1.44152 -0.412095 -1.73005e-17)
(-1.56039 -0.430908 2.61962e-18)
(-1.73009 -0.414193 -1.90237e-17)
(-1.79319 -0.668104 2.96906e-17)
(-1.28152 -0.179998 -2.85261e-18)
(-1.30413 -0.20284 -1.44553e-17)
(-1.32718 -0.229445 7.6116e-18)
(-1.35305 -0.261284 -6.09051e-18)
(-1.3871 -0.294134 -4.45426e-18)
(-1.43799 -0.321297 -1.68822e-17)
(-1.51631 -0.335538 -2.02619e-17)
(-1.63143 -0.329387 -2.06865e-17)
(-1.78645 -0.293944 -4.57532e-17)
(-1.85837 -0.535869 -5.12537e-17)
(-1.30565 -0.142138 -5.78146e-18)
(-1.33181 -0.164372 4.87835e-18)
(-1.35948 -0.18995 -5.82549e-18)
(-1.39106 -0.218608 -1.88007e-17)
(-1.43108 -0.244282 9.51105e-19)
(-1.48634 -0.258611 9.47452e-18)
(-1.56475 -0.25431 1.2744e-17)
(-1.67311 -0.227209 -2.02695e-17)
(-1.81395 -0.174786 2.67423e-18)
(-1.898 -0.396929 -3.44614e-17)
(-1.32211 -0.100384 1.68078e-17)
(-1.34983 -0.120191 1.37006e-17)
(-1.38018 -0.143391 3.52086e-21)
(-1.41534 -0.168171 1.34245e-17)
(-1.45894 -0.187259 -2.21081e-17)
(-1.51602 -0.191108 1.82892e-17)
(-1.59234 -0.172078 8.03179e-18)
(-1.69308 -0.127769 1.2719e-17)
(-1.82097 -0.0599784 3.26524e-18)
(-1.91781 -0.25588 4.28019e-17)
(-1.33213 -0.0587323 -1.55969e-17)
(-1.36 -0.0747813 -7.68453e-18)
(-1.39159 -0.0942725 1.05017e-17)
(-1.42885 -0.114192 -1.31449e-18)
(-1.47454 -0.126664 3.64413e-19)
(-1.53221 -0.121507 2.34435e-18)
(-1.60577 -0.0906582 -9.48702e-18)
(-1.69913 -0.0323562 1.9052e-17)
(-1.81519 0.0489971 -1.98785e-18)
(-1.92305 -0.115656 -4.37385e-17)
(-1.33644 -0.018936 9.74289e-18)
(-1.36389 -0.0304355 -3.99214e-18)
(-1.39602 -0.0450941 -5.66205e-18)
(-1.43457 -0.0590625 6.63776e-18)
(-1.48162 -0.0643818 2.30968e-17)
(-1.53943 -0.0508208 9.61945e-18)
(-1.61033 -0.010124 1.50893e-19)
(-1.69693 0.0594139 6.4074e-18)
(-1.80195 0.151999 -3.65972e-18)
(-1.9172 0.0221822 3.01212e-17)
(-0.838718 -0.0620123 -2.08006e-17)
(-0.827933 -0.0672497 -2.96937e-17)
(-0.787037 -0.0754757 6.09877e-18)
(-0.692503 -0.0892453 1.04319e-17)
(-0.521554 -0.111572 0)
(-0.270225 -0.14456 -2.12621e-18)
(0.00772701 -0.185114 1.72906e-18)
(0.181211 -0.221404 9.33218e-18)
(0.092488 -0.238552 -2.86721e-18)
(-0.0286511 -0.236742 0)
(-0.859716 -0.188248 3.87788e-17)
(-0.856016 -0.203348 3.29976e-17)
(-0.826457 -0.22706 5.86429e-18)
(-0.750144 -0.267108 1.72298e-18)
(-0.603114 -0.333105 -1.95761e-18)
(-0.373362 -0.432843 -3.04685e-18)
(-0.0984666 -0.559549 4.49111e-18)
(0.101181 -0.678299 1.25624e-17)
(0.0592869 -0.739996 1.3153e-17)
(-0.0749837 -0.745428 -8.91263e-23)
(-0.880544 -0.191619 2.16542e-17)
(-0.880411 -0.206183 -2.33341e-17)
(-0.858588 -0.22872 -5.53425e-18)
(-0.795864 -0.267281 1.45592e-17)
(-0.668516 -0.332351 -9.46559e-18)
(-0.460352 -0.433833 4.70812e-19)
(-0.19709 -0.568825 3.94987e-20)
(0.0124223 -0.703788 -1.55077e-17)
(-0.000870981 -0.782396 -1.65782e-18)
(-0.137823 -0.809333 -1.79614e-17)
(-0.901668 -0.192909 -1.70855e-17)
(-0.903655 -0.207131 -1.49002e-17)
(-0.88693 -0.228964 3.39396e-18)
(-0.834103 -0.266643 -4.45332e-18)
(-0.722513 -0.331333 -4.9046e-19)
(-0.534446 -0.434483 1.06207e-19)
(-0.287944 -0.57618 7.55158e-18)
(-0.0814056 -0.724664 9.11424e-18)
(-0.0820556 -0.818168 -2.09961e-17)
(-0.218165 -0.86448 -1.47077e-17)
(-0.922983 -0.192407 3.56009e-18)
(-0.926162 -0.206387 2.87949e-17)
(-0.91266 -0.227943 -4.1828e-18)
(-0.866935 -0.265382 -2.1594e-17)
(-0.767924 -0.330404 -6.84281e-18)
(-0.598304 -0.435535 5.95098e-18)
(-0.372146 -0.582881 5.24048e-18)
(-0.17956 -0.742105 8.00023e-18)
(-0.182385 -0.847489 9.75145e-18)
(-0.315639 -0.913266 5.41145e-17)
(-0.944372 -0.190609 9.66758e-19)
(-0.948133 -0.204385 1.44129e-18)
(-0.936564 -0.226037 -2.09399e-17)
(-0.895969 -0.263859 -1.35132e-17)
(-0.807292 -0.329949 3.28811e-18)
(-0.655056 -0.437463 9.1885e-18)
(-0.452425 -0.589552 -3.03888e-18)
(-0.283502 -0.756539 -5.51598e-20)
(-0.301702 -0.869884 2.84482e-17)
(-0.4309 -0.956745 1.76183e-17)
(-0.965906 -0.188364 -1.38808e-17)
(-0.969854 -0.201932 7.49146e-18)
(-0.959404 -0.223992 8.10121e-18)
(-0.922728 -0.262738 -1.80534e-18)
(-0.843176 -0.330498 -8.88389e-18)
(-0.708307 -0.440574 3.46015e-18)
(-0.532754 -0.596175 -3.94634e-18)
(-0.396284 -0.767422 -2.62805e-19)
(-0.440739 -0.883965 -9.59592e-18)
(-0.56479 -0.994327 -3.87523e-17)
(-0.98811 -0.187018 -2.33415e-17)
(-0.992043 -0.200333 4.91935e-18)
(-0.982318 -0.223027 7.9041e-18)
(-0.949077 -0.263065 -1.52403e-17)
(-0.878518 -0.332756 -3.93232e-18)
(-0.76225 -0.44497 1.32659e-17)
(-0.617971 -0.602005 -1.0739e-17)
(-0.521621 -0.773084 -1.12466e-17)
(-0.599852 -0.887293 -9.529e-18)
(-0.717212 -1.02358 0)
(-1.01224 -0.188379 -7.81867e-18)
(-1.01617 -0.201354 -3.03505e-19)
(-1.00717 -0.224774 6.67495e-18)
(-0.977573 -0.266171 4.33023e-18)
(-0.916916 -0.337452 1.24226e-17)
(-0.821627 -0.450363 2.68529e-18)
(-0.713099 -0.605405 -2.23918e-18)
(-0.662491 -0.770684 -6.89927e-18)
(-0.77738 -0.876528 1.264e-17)
(-0.885871 -1.04032 1.60968e-17)
(-1.04027 -0.194179 -3.46723e-17)
(-1.04448 -0.206716 3.01213e-17)
(-1.0366 -0.230799 1.11778e-17)
(-1.01149 -0.273205 -4.33408e-18)
(-0.962487 -0.344891 -3.01657e-18)
(-0.89116 -0.455699 -4.33153e-20)
(-0.822041 -0.603723 5.54312e-18)
(-0.819241 -0.756476 1.4134e-17)
(-0.968064 -0.848014 -1.75369e-17)
(-1.06529 -1.03929 -5.69028e-17)
(116.922 -0.304553 3.8749e-19)
(-1.03034 -0.00464739 2.30416e-17)
(-1.01383 -0.00550986 7.01777e-18)
(-0.997135 -0.0065868 -1.54756e-17)
(-0.980361 -0.00790291 -7.10882e-18)
(-0.963604 -0.00948178 2.21081e-19)
(-0.946959 -0.0113451 -1.55819e-19)
(-0.930522 -0.0135119 6.63763e-18)
(-0.914389 -0.0159974 -1.68202e-20)
(-0.89867 -0.0188118 -1.34477e-17)
(-0.883505 -0.0219586 -5.9868e-18)
(-0.869083 -0.0254314 9.15748e-19)
(-0.855683 -0.0292107 6.43815e-18)
(-0.843711 -0.0332575 -7.64004e-18)
(-0.833751 -0.037507 2.89042e-19)
(-0.826577 -0.0418634 1.15448e-17)
(-0.823095 -0.0462004 -5.53214e-18)
(-0.824097 -0.0503814 -1.13429e-17)
(-0.829638 -0.0543153 1.85609e-17)
(-0.836464 -0.0581118 2.18308e-17)
(116.206 -1.32456 1.68391e-15)
(-1.03338 -0.0154872 -1.50428e-17)
(-1.01761 -0.0180676 -6.66066e-18)
(-1.00178 -0.0212858 7.61572e-18)
(-0.985965 -0.0252142 6.79611e-18)
(-0.97027 -0.0299217 -6.66752e-18)
(-0.954778 -0.035472 -2.15871e-19)
(-0.939569 -0.0419212 1.49458e-17)
(-0.924724 -0.0493154 -8.36892e-18)
(-0.910328 -0.0576874 7.38898e-18)
(-0.896486 -0.0670517 2.66242e-17)
(-0.883343 -0.0773976 -1.95674e-17)
(-0.871115 -0.0886777 -6.026e-17)
(-0.860126 -0.100792 -2.10809e-18)
(-0.85085 -0.113568 2.81206e-17)
(-0.84395 -0.12674 1.95038e-17)
(-0.840252 -0.139949 2.43457e-17)
(-0.840596 -0.152782 -1.81008e-17)
(-0.845379 -0.164919 -5.22988e-17)
(-0.853191 -0.176294 -3.21719e-17)
(114.817 -2.07178 -1.68122e-15)
(-1.03629 -0.0187364 6.03254e-17)
(-1.02119 -0.0213203 -4.03749e-19)
(-1.00614 -0.0245336 -4.40924e-17)
(-0.991226 -0.0284445 2.14867e-17)
(-0.976539 -0.0331179 -7.12849e-19)
(-0.962161 -0.0386134 -2.12357e-17)
(-0.948165 -0.0449837 -6.67733e-18)
(-0.934618 -0.0522735 2.20216e-17)
(-0.921592 -0.0605166 8.1287e-18)
(-0.90917 -0.0697329 -1.4165e-17)
(-0.897467 -0.0799219 -1.54537e-17)
(-0.886655 -0.0910533 -3.89711e-17)
(-0.877 -0.103052 3.78582e-17)
(-0.868896 -0.115777 3.06444e-17)
(-0.862911 -0.128998 -1.67656e-17)
(-0.859785 -0.142384 5.63774e-18)
(-0.86034 -0.155521 -4.25339e-18)
(-0.865132 -0.168029 -1.26745e-18)
(-0.873003 -0.179616 2.97153e-17)
(112.807 -2.64486 -1.52968e-15)
(-1.03901 -0.0221903 1.42381e-17)
(-1.02449 -0.0247697 -1.29621e-18)
(-1.01011 -0.0279634 6.39604e-19)
(-0.995982 -0.0318345 -6.82118e-18)
(-0.98219 -0.036442 -1.94371e-18)
(-0.968811 -0.0418401 1.41526e-17)
(-0.955913 -0.0480771 2.72542e-17)
(-0.943557 -0.0551951 6.79891e-18)
(-0.931802 -0.0632281 -2.22693e-17)
(-0.920718 -0.0722 -1.3258e-17)
(-0.910402 -0.0821196 -7.46887e-18)
(-0.901 -0.0929716 6.21915e-19)
(-0.892736 -0.104702 -4.55502e-18)
(-0.88595 -0.117197 7.45558e-18)
(-0.881134 -0.130257 2.02496e-17)
(-0.878953 -0.143573 1.20575e-17)
(-0.880181 -0.156733 9.8179e-18)
(-0.885431 -0.169316 -5.6315e-18)
(-0.893566 -0.180884 -1.57926e-17)
(110.247 -3.00991 -4.76098e-18)
(-1.04154 -0.0257999 0)
(-1.02748 -0.0283617 1.27884e-17)
(-1.01368 -0.0315155 6.87191e-18)
(-1.00022 -0.0353179 -2.69124e-17)
(-0.987208 -0.0398211 2.4488e-18)
(-0.974711 -0.045073 1.49916e-17)
(-0.962794 -0.0511169 -8.04623e-18)
(-0.951514 -0.0579923 -3.28953e-18)
(-0.940926 -0.0657339 3.96356e-18)
(-0.931094 -0.0743706 -1.37645e-18)
(-0.922107 -0.0839208 -9.81972e-18)
(-0.914095 -0.0943842 -1.50809e-17)
(-0.907258 -0.105727 2.61916e-17)
(-0.901896 -0.117858 2.26602e-17)
(-0.898444 -0.130602 -5.23944e-17)
(-0.897497 -0.143665 -1.41666e-17)
(-0.899769 -0.156634 2.71925e-17)
(-0.905858 -0.16905 -7.6119e-18)
(-0.914514 -0.180394 -6.85831e-18)
(107.227 -3.15847 -1.98754e-15)
(-1.04388 -0.0295051 -5.5501e-19)
(-1.03018 -0.0320296 1.84643e-19)
(-1.01683 -0.035116 1.77729e-17)
(-1.00393 -0.0388131 1.89089e-17)
(-0.991576 -0.0431657 2.05381e-17)
(-0.979841 -0.0482151 -2.85671e-17)
(-0.968788 -0.0540005 -1.75482e-17)
(-0.958474 -0.0605601 4.36959e-17)
(-0.948955 -0.0679317 -1.08909e-17)
(-0.940299 -0.0761515 -5.45418e-17)
(-0.932592 -0.0852504 -3.4011e-18)
(-0.925962 -0.095245 1.74529e-17)
(-0.920594 -0.106121 2.71408e-17)
(-0.916756 -0.11781 -4.61218e-18)
(-0.914835 -0.130151 -1.93285e-17)
(-0.915359 -0.142861 3.76751e-18)
(-0.918966 -0.155513 -6.93125e-18)
(-0.926194 -0.167616 5.26162e-18)
(-0.935603 -0.178615 7.67128e-18)
(103.843 -3.10423 1.27238e-15)
(-1.04599 -0.0332358 -1.38247e-17)
(-1.03254 -0.0356966 -1.1631e-17)
(-1.01954 -0.0386804 1.7314e-19)
(-1.00708 -0.0422276 1.32289e-17)
(-0.995274 -0.0463755 -2.03589e-17)
(-0.984184 -0.0511599 9.47253e-18)
(-0.973883 -0.0566181 1.2219e-17)
(-0.964436 -0.0627902 -3.40158e-17)
(-0.955907 -0.0697213 2.7277e-19)
(-0.948374 -0.0774602 2.36032e-17)
(-0.941932 -0.086055 -8.91939e-18)
(-0.936711 -0.0955428 -1.2603e-17)
(-0.932884 -0.105932 8.87439e-18)
(-0.930693 -0.117171 -1.60342e-17)
(-0.930471 -0.129114 -1.34801e-17)
(-0.932674 -0.141475 4.68617e-18)
(-0.93785 -0.15381 -1.41297e-17)
(-0.946449 -0.165602 8.47591e-18)
(-0.956814 -0.17632 2.26044e-17)
(100.195 -2.8768 4.91575e-15)
(-1.04788 -0.0369148 -2.0455e-17)
(-1.03457 -0.0392786 2.83169e-17)
(-1.0218 -0.0421173 7.59629e-18)
(-1.00967 -0.045463 -1.26046e-19)
(-0.99828 -0.0493465 -7.42013e-18)
(-0.987725 -0.0538008 -3.55167e-17)
(-0.97808 -0.0588648 -2.41342e-17)
(-0.969424 -0.0645867 3.31167e-17)
(-0.961839 -0.0710253 2.45151e-17)
(-0.955423 -0.0782494 2.29624e-17)
(-0.950284 -0.0863316 -3.19991e-17)
(-0.946557 -0.0953356 -2.86003e-17)
(-0.944401 -0.105294 5.29274e-17)
(-0.944019 -0.116177 -1.77846e-18)
(-0.945685 -0.127845 -3.09712e-17)
(-0.949767 -0.140005 2.36741e-17)
(-0.956723 -0.152199 2.23348e-17)
(-0.966923 -0.163911 1.91027e-17)
(-0.978507 -0.174722 4.17312e-18)
(96.3812 -2.51463 -1.562e-15)
(-1.04952 -0.04046 -1.41671e-17)
(-1.03624 -0.0426879 -3.38245e-17)
(-1.02357 -0.0453336 0)
(-1.01165 -0.0484217 -7.72367e-18)
(-1.00058 -0.0519794 -2.08837e-17)
(-0.990465 -0.0560412 7.42147e-18)
(-0.981403 -0.0606541 3.01907e-17)
(-0.9735 -0.0658822 1.68204e-17)
(-0.966868 -0.071808 1.03337e-17)
(-0.961628 -0.0785301 -4.12001e-18)
(-0.957907 -0.0861551 -1.19427e-17)
(-0.955838 -0.0947809 4.6855e-18)
(-0.955555 -0.104471 -1.74595e-17)
(-0.957206 -0.115215 3.82591e-18)
(-0.960984 -0.126884 1.7939e-17)
(-0.967176 -0.13918 9.7557e-18)
(-0.976172 -0.151643 7.19938e-18)
(-0.98834 -0.163794 -7.15378e-18)
(-1.00165 -0.175461 1.72988e-18)
(92.4888 -1.6219 1.69161e-15)
(-1.05086 -0.043776 -3.69505e-17)
(-1.03748 -0.0458206 -3.99674e-19)
(-1.0248 -0.0482187 1.47284e-17)
(-1.01297 -0.0509855 0)
(-1.00212 -0.0541426 1.35371e-18)
(-0.992371 -0.0577245 3.45969e-17)
(-0.983866 -0.0617855 2.23281e-18)
(-0.976742 -0.066405 -2.75645e-17)
(-0.971145 -0.0716901 1.16931e-17)
(-0.967222 -0.0777727 -3.40018e-19)
(-0.965106 -0.0848007 -3.07402e-17)
(-0.964907 -0.0929207 -1.15658e-17)
(-0.966707 -0.102249 9.20243e-18)
(-0.970569 -0.112831 1.69854e-17)
(-0.976596 -0.124587 1.23633e-17)
(-0.985009 -0.137256 3.33112e-17)
(-0.996222 -0.150397 -1.95706e-17)
(-1.01075 -0.163541 -5.95348e-18)
(-1.02553 -0.176604 -1.27906e-17)
(90.1502 -0.517888 6.67828e-18)
(-1.05229 -0.0466316 0)
(-1.03898 -0.04843 1.24678e-18)
(-1.02642 -0.0504975 0)
(-1.01478 -0.0528459 0)
(-1.00421 -0.0554984 0)
(-0.994858 -0.0584977 0)
(-0.986908 -0.0619134 -5.6914e-18)
(-0.980538 -0.065847 0)
(-0.975934 -0.0704333 0)
(-0.973268 -0.0758369 -3.98096e-18)
(-0.972683 -0.0822425 0)
(-0.974264 -0.0898373 4.86927e-18)
(-0.978028 -0.0987862 3.39094e-18)
(-0.983938 -0.109197 2.01908e-18)
(-0.991967 -0.121071 1.79222e-17)
(-1.00222 -0.134252 3.64477e-18)
(-1.01509 -0.148381 -2.89635e-17)
(-1.0313 -0.162958 2.89629e-18)
(-1.05297 -0.180599 -4.19999e-18)
(90.0894 -0.0477358 0)
(-1.05387 -0.0490854 0)
(-1.0408 -0.0506166 0)
(-1.02848 -0.05233 0)
(-1.01709 -0.0542353 0)
(-1.0068 -0.0563592 0)
(-0.997786 -0.0587546 0)
(-0.990265 -0.0615081 0)
(-0.984452 -0.0647449 0)
(-0.980568 -0.0686298 0)
(-0.978817 -0.0733622 0)
(-0.979356 -0.0791668 0)
(-0.982269 -0.0862763 0)
(-0.987543 -0.0949091 0)
(-0.995075 -0.105239 0)
(-1.00473 -0.11735 1.81527e-17)
(-1.01644 -0.131183 5.64066e-32)
(-1.03041 -0.146458 -1.86168e-17)
(-1.04728 -0.162642 0)
(-1.06951 -0.181613 -5.33941e-18)
(90.0237 -0.0500375 -8.84755e-19)
(-1.05519 -0.0511716 -9.24533e-19)
(-1.04225 -0.0524099 -9.46907e-19)
(-1.03008 -0.0537488 0)
(-1.01885 -0.0551976 -9.97272e-19)
(-1.00876 -0.0567875 -1.026e-18)
(-1.00003 -0.058581 -1.0584e-18)
(-0.992897 -0.0606789 -1.09631e-18)
(-0.98763 -0.0632256 -1.14232e-18)
(-0.984487 -0.0664086 -1.19983e-18)
(-0.983703 -0.0704548 -1.27293e-18)
(-0.985457 -0.0756199 0)
(-0.989834 -0.0821733 -1.48465e-18)
(-0.996798 -0.0903761 -1.63285e-18)
(-1.00619 -0.100451 -1.81489e-18)
(-1.01775 -0.112538 1.63547e-17)
(-1.03125 -0.126623 -2.28774e-18)
(-1.04661 -0.142443 -2.1483e-17)
(-1.06414 -0.159378 -2.87953e-18)
(-1.08607 -0.178765 2.12915e-18)
(89.9552 -0.0519604 3.46772e-17)
(-1.05624 -0.0528699 -4.07176e-19)
(-1.04337 -0.0538153 1.8851e-17)
(-1.03127 -0.0547921 1.39825e-31)
(-1.02013 -0.0558132 -1.8431e-17)
(-1.01018 -0.0569182 1.47346e-31)
(-1.00168 -0.0581828 7.84149e-32)
(-0.99491 -0.0597255 -1.57393e-31)
(-0.990182 -0.0617115 -9.96554e-32)
(-0.987797 -0.0643525 -1.4099e-32)
(-0.988028 -0.067901 1.7851e-17)
(-0.991074 -0.072639 3.81094e-31)
(-0.997025 -0.0788611 -1.80136e-17)
(-1.00582 -0.0868497 1.38045e-32)
(-1.01724 -0.0968378 -1.00061e-32)
(-1.0309 -0.108954 1.86255e-17)
(-1.04634 -0.123141 3.02899e-31)
(-1.06317 -0.139041 -1.92086e-17)
(-1.08124 -0.15588 -9.08117e-32)
(-1.10217 -0.174437 3.14797e-17)
(89.8845 -0.0534615 9.45297e-19)
(-1.05704 -0.0541405 9.78173e-19)
(-1.04417 -0.0547973 9.90041e-19)
(-1.03208 -0.0554303 0)
(-1.02097 -0.0560595 1.01284e-18)
(-1.01113 -0.0567366 1.02508e-18)
(-1.00283 -0.0575533 1.03983e-18)
(-0.996425 -0.058648 1.05961e-18)
(-0.992257 -0.060208 1.0878e-18)
(-0.990676 -0.0624678 1.12863e-18)
(-0.99199 -0.0657013 1.18705e-18)
(-0.996418 -0.0702078 0)
(-1.00405 -0.0762903 1.37836e-18)
(-1.01477 -0.0842233 1.52169e-18)
(-1.02829 -0.0942044 1.70202e-18)
(-1.04405 -0.106286 2.07835e-17)
(-1.06133 -0.120282 2.17318e-18)
(-1.07935 -0.135663 -1.70499e-17)
(-1.0975 -0.151467 2.73661e-18)
(-1.11658 -0.167941 3.03425e-18)
(89.8122 -0.0545059 0)
(-1.05758 -0.0549517 0)
(-1.04466 -0.0553287 0)
(-1.03253 -0.0556412 0)
(-1.02143 -0.0559199 0)
(-1.01167 -0.0562311 0)
(-1.00359 -0.0566851 0)
(-0.997565 -0.0574409 0)
(-0.994002 -0.0587071 0)
(-0.993291 -0.0607374 0)
(-0.995768 -0.0638198 0)
(-1.00166 -0.0682574 0)
(-1.01104 -0.0743393 0)
(-1.02374 -0.0822983 0)
(-1.0393 -0.0922498 0)
(-1.05697 -0.104112 1.90967e-17)
(-1.07572 -0.117516 -1.35047e-32)
(-1.09435 -0.131729 -1.9772e-17)
(-1.11187 -0.145632 0)
(-1.12832 -0.159035 5.79208e-18)
(89.7389 -0.0550667 0)
(-1.05786 -0.0552802 0)
(-1.04486 -0.0553902 0)
(-1.03267 -0.0554098 0)
(-1.02156 -0.0553829 0)
(-1.01189 -0.0553929 0)
(-1.00404 -0.0555694 0)
(-0.998447 -0.0560916 0)
(-0.995554 -0.0571866 0)
(-0.995789 -0.0591214 0)
(-0.99951 -0.062187 0)
(-1.00694 -0.0666728 0)
(-1.01809 -0.0728288 0)
(-1.03269 -0.0808112 0)
(-1.05011 -0.0906119 0)
(-1.06932 -0.101977 1.93197e-17)
(-1.08895 -0.114338 1.96386e-31)
(-1.10746 -0.126784 -2.00089e-17)
(-1.12356 -0.138127 0)
(-1.13678 -0.147895 0)
(89.6652 -0.0551256 0)
(-1.0579 -0.0551111 0)
(-1.04479 -0.0549701 0)
(-1.03252 -0.0547274 0)
(-1.02142 -0.0544418 0)
(-1.01186 -0.0542149 0)
(-1.00429 -0.0541954 0)
(-0.999182 -0.0545808 0)
(-0.997032 -0.0556116 0)
(-0.998291 -0.0575595 0)
(-1.00332 -0.060705 0)
(-1.01231 -0.0653041 0)
(-1.02518 -0.0715413 0)
(-1.04152 -0.0794658 0)
(-1.06047 -0.0889185 0)
(-1.0807 -0.0994625 1.95254e-17)
(-1.10052 -0.110351 -1.99374e-18)
(-1.11814 -0.120569 -2.02018e-17)
(-1.13214 -0.128976 0)
(-1.14181 -0.135003 0)
(89.5919 -0.054672 0)
(-1.05771 -0.0544367 0)
(-1.04448 -0.0540636 0)
(-1.03214 -0.0535907 0)
(-1.02105 -0.0530932 0)
(-1.01165 -0.0526906 0)
(-1.00441 -0.0525497 0)
(-0.999864 -0.0528822 0)
(-0.998532 -0.0539355 0)
(-1.00088 -0.055975 0)
(-1.00725 -0.0592557 0)
(-1.01777 -0.06398 0)
(-1.03225 -0.0702435 0)
(-1.05006 -0.0779673 0)
(-1.0701 -0.0868316 0)
(-1.09075 -0.0962334 0)
(-1.11006 -0.105305 2.95292e-32)
(-1.12609 -0.113027 0)
(-1.13751 -0.118424 0)
(-1.14368 -0.120998 0)
(89.5196 -0.0537027 0)
(-1.0573 -0.0532563 0)
(-1.04395 -0.0526716 0)
(-1.03155 -0.0520008 0)
(-1.02052 -0.051336 0)
(-1.01132 -0.050814 0)
(-1.00448 -0.0506163 0)
(-1.00057 -0.050964 0)
(-1.00012 -0.052103 0)
(-1.00361 -0.0542807 0)
(-1.01132 -0.0577106 0)
(-1.02329 -0.0625237 0)
(-1.03917 -0.0687094 0)
(-1.05811 -0.0760517 0)
(-1.07873 -0.0840811 0)
(-1.09917 -0.0920699 1.98591e-17)
(-1.11732 -0.0991081 1.79062e-18)
(-1.13126 -0.104271 -2.04389e-17)
(-1.13991 -0.106846 0)
(-1.1429 -0.106528 -2.12329e-17)
(89.449 -0.0522206 0)
(-1.05668 -0.0515746 0)
(-1.04322 -0.0507993 0)
(-1.0308 -0.049962 0)
(-1.01986 -0.0491711 0)
(-1.01093 -0.0485785 0)
(-1.00456 -0.0483772 0)
(-1.00135 -0.0487907 0)
(-1.00185 -0.0500544 0)
(-1.00649 -0.0523854 0)
(-1.0155 -0.0559415 0)
(-1.02877 -0.0607679 0)
(-1.04578 -0.0667393 0)
(-1.06543 -0.0735079 0)
(-1.08612 -0.0804824 0)
(-1.10578 -0.0868687 1.99785e-17)
(-1.12226 -0.0917968 6.20533e-32)
(-1.13383 -0.0945245 -2.04852e-17)
(-1.13976 -0.0946534 0)
(-1.14014 -0.0921433 -2.08472e-17)
(89.3808 -0.0502339 0)
(-1.05587 -0.0494007 0)
(-1.04233 -0.0484557 0)
(-1.02992 -0.0474811 0)
(-1.01913 -0.0466004 0)
(-1.01052 -0.045978 0)
(-1.00469 -0.0458133 0)
(-1.00224 -0.0463255 0)
(-1.00372 -0.0477296 0)
(-1.0095 -0.050201 0)
(-1.01971 -0.0538298 0)
(-1.03409 -0.0585671 0)
(-1.05191 -0.0641741 0)
(-1.07185 -0.0701888 0)
(-1.09209 -0.0759391 0)
(-1.11049 -0.0806287 2.00636e-17)
(-1.12497 -0.083502 6.23987e-32)
(-1.13412 -0.0840573 -2.04905e-17)
(-1.13764 -0.0822243 0)
(-1.1361 -0.0782405 0)
(89.3156 -0.0477548 0)
(-1.0549 -0.0467472 0)
(-1.0413 -0.0456523 0)
(-1.02895 -0.0445666 0)
(-1.01836 -0.043627 0)
(-1.01014 -0.043007 0)
(-1.00491 -0.0429067 0)
(-1.00327 -0.0435335 0)
(-1.00572 -0.0450728 0)
(-1.01259 -0.0476484 0)
(-1.02386 -0.0512745 0)
(-1.03912 -0.0558067 0)
(-1.0574 -0.060902 0)
(-1.0772 -0.0660121 0)
(-1.09656 -0.0704321 0)
(-1.11334 -0.0734238 2.01151e-17)
(-1.12569 -0.0744028 6.7083e-32)
(-1.13255 -0.0731351 -2.04621e-17)
(-1.13411 -0.0698551 0)
(-1.1314 -0.0650484 1.04437e-17)
(89.2541 -0.0447987 0)
(-1.05377 -0.0436293 0)
(-1.04015 -0.0424028 0)
(-1.0279 -0.0412291 0)
(-1.01757 -0.0402558 0)
(-1.0098 -0.0396614 0)
(-1.00522 -0.0396413 0)
(-1.00441 -0.0403836 0)
(-1.00783 -0.0420356 0)
(-1.0157 -0.0446619 0)
(-1.02786 -0.0481973 0)
(-1.04372 -0.0524058 0)
(-1.06211 -0.0568583 0)
(-1.08138 -0.0609536 0)
(-1.09951 -0.0640016 0)
(-1.11446 -0.0653733 2.01353e-17)
(-1.12468 -0.0646902 1.28329e-31)
(-1.12957 -0.0619845 -2.04083e-17)
(-1.12973 -0.0577453 0)
(-1.12653 -0.0526481 1.96192e-17)
(89.1969 -0.0413836 0)
(-1.0525 -0.0400644 0)
(-1.0389 -0.0387228 0)
(-1.0268 -0.0374805 0)
(-1.01679 -0.036493 0)
(-1.00952 -0.0359398 0)
(-1.00563 -0.0360052 0)
(-1.00566 -0.0368512 0)
(-1.01 -0.03858 0)
(-1.01875 -0.0411921 0)
(-1.03161 -0.0445437 0)
(-1.04778 -0.0483171 0)
(-1.06595 -0.0520197 0)
(-1.08434 -0.0550335 0)
(-1.10098 -0.056726 0)
(-1.11403 -0.0566146 2.01275e-17)
(-1.1223 -0.0545403 -6.52043e-32)
(-1.12561 -0.0507764 -2.03367e-17)
(-1.12493 -0.0460018 0)
(-1.12187 -0.0410076 0)
(89.1446 -0.0375293 0)
(-1.05111 -0.0360715 0)
(-1.03757 -0.0346294 0)
(-1.02567 -0.0333346 0)
(-1.01603 -0.0323476 0)
(-1.00931 -0.0318437 0)
(-1.00613 -0.031991 0)
(-1.00699 -0.0329186 0)
(-1.01218 -0.0346788 0)
(-1.02166 -0.0372059 0)
(-1.03499 -0.0402821 0)
(-1.05119 -0.0435223 0)
(-1.06883 -0.046396 0)
(-1.08609 -0.0483028 0)
(-1.10109 -0.0487035 0)
(-1.11227 -0.0472844 2.00958e-17)
(-1.11885 -0.0441004 -7.96777e-19)
(-1.12103 -0.0396251 -2.0254e-17)
(-1.12006 -0.0346558 0)
(-1.11765 -0.0300218 0)
(89.0978 -0.033257 0)
(-1.0496 -0.0316712 0)
(-1.03617 -0.0301414 0)
(-1.02452 -0.0288072 0)
(-1.0153 -0.0278305 0)
(-1.00917 -0.0273783 0)
(-1.0067 -0.0275963 0)
(-1.00835 -0.028576 0)
(-1.01429 -0.0303158 0)
(-1.02436 -0.0326854 0)
(-1.03792 -0.0354005 0)
(-1.05389 -0.0380259 0)
(-1.07073 -0.0400198 0)
(-1.08665 -0.0408306 0)
(-1.09996 -0.0400385 0)
(-1.10943 -0.0375074 0)
(-1.11464 -0.0334857 7.80467e-32)
(-1.11616 -0.0285963 0)
(-1.11539 -0.0236853 0)
(-1.11398 -0.0195482 -1.40367e-17)
(89.057 -0.0285893 0)
(-1.048 -0.026885 0)
(-1.03471 -0.0252788 0)
(-1.02336 -0.0239157 0)
(-1.0146 -0.0229555 0)
(-1.00908 -0.0225519 0)
(-1.00733 -0.0228236 0)
(-1.00971 -0.02382 0)
(-1.01628 -0.0254845 0)
(-1.02675 -0.027625 0)
(-1.04033 -0.029902 0)
(-1.05581 -0.0318492 0)
(-1.07163 -0.0329389 0)
(-1.0861 -0.0326948 0)
(-1.09776 -0.0308335 0)
(-1.10572 -0.0273923 1.99774e-17)
(-1.10994 -0.022782 4.1161e-19)
(-1.11123 -0.0177193 -2.0077e-17)
(-1.11104 -0.0130362 0)
(-1.11088 -0.00943584 -1.4568e-17)
(89.0227 -0.0235494 0)
(-1.04629 -0.0217357 0)
(-1.0332 -0.020063 0)
(-1.0222 -0.0186793 0)
(-1.01394 -0.0177383 0)
(-1.00904 -0.0173759 0)
(-1.00797 -0.0176794 0)
(-1.01101 -0.0186531 0)
(-1.0181 -0.0201856 0)
(-1.02877 -0.022029 0)
(-1.04215 -0.0238012 0)
(-1.05693 -0.0250248 0)
(-1.07157 -0.0252103 0)
(-1.08454 -0.0239771 0)
(-1.09466 -0.021186 0)
(-1.10138 -0.0170331 1.98989e-17)
(-1.10496 -0.0120524 -1.94616e-33)
(-1.10641 -0.00699945 -1.99899e-17)
(-1.1071 -0.00264092 0)
(-1.10831 0.000454642 1.77131e-17)
(88.9954 -0.00697977 0)
(-1.04451 -0.0063577 0)
(-1.03165 -0.00578987 0)
(-1.02103 -0.00532579 0)
(-1.0133 -0.00501539 0)
(-1.00902 -0.00490067 0)
(-1.0086 -0.00500515 0)
(-1.01221 -0.00532251 0)
(-1.01966 -0.00580659 0)
(-1.03036 -0.00636603 0)
(-1.04333 -0.00686754 0)
(-1.05722 -0.00715181 0)
(-1.07059 -0.00706388 0)
(-1.08208 -0.00649437 0)
(-1.09082 -0.00542113 0)
(-1.09659 -0.00393442 1.98124e-17)
(-1.0999 -0.00222927 -3.63168e-33)
(-1.10182 -0.00055947 -1.99069e-17)
(-1.10357 0.000834017 0)
(-1.10613 0.00178622 0)
(-1.07919 -0.198619 2.0421e-17)
(-1.12072 -0.208254 -6.33578e-18)
(-1.16205 -0.215042 -2.96358e-17)
(-1.2012 -0.210391 -2.0239e-17)
(-1.23485 -0.191773 6.27263e-18)
(-1.26175 -0.161325 9.93958e-18)
(-1.28236 -0.124077 -1.7616e-17)
(-1.29756 -0.0850164 -1.25532e-17)
(-1.30777 -0.0472135 9.99025e-18)
(-1.31283 -0.0116969 -8.7749e-18)
(-1.09512 -0.195618 -1.30467e-17)
(-1.13441 -0.202908 -7.87772e-18)
(-1.16928 -0.205283 -1.1726e-17)
(-1.19996 -0.195554 3.22311e-18)
(-1.2252 -0.173469 4.452e-17)
(-1.24565 -0.142494 -7.12488e-18)
(-1.26251 -0.107488 -2.08307e-17)
(-1.27627 -0.0723294 1.03515e-17)
(-1.28644 -0.0389634 5.05417e-19)
(-1.29214 -0.00778868 -7.74783e-18)
(-1.1099 -0.191984 8.77403e-18)
(-1.1437 -0.195977 7.31082e-18)
(-1.17146 -0.192917 -6.54149e-18)
(-1.19423 -0.178346 -4.3227e-18)
(-1.21273 -0.154023 -4.69979e-18)
(-1.22876 -0.124014 9.98652e-19)
(-1.24355 -0.0924032 -6.75301e-18)
(-1.2569 -0.0617651 -8.32874e-18)
(-1.26754 -0.0330211 2.95829e-17)
(-1.27405 -0.00611499 -4.08854e-18)
(-1.12312 -0.18551 3.52442e-18)
(-1.15027 -0.185519 -4.38485e-17)
(-1.17063 -0.177558 1.47152e-17)
(-1.18638 -0.159768 2.47523e-17)
(-1.19972 -0.135081 -2.59623e-17)
(-1.21287 -0.1074 -6.26525e-19)
(-1.22661 -0.0797511 1.65359e-17)
(-1.23997 -0.0535548 1.74725e-17)
(-1.25108 -0.0290102 -1.50085e-19)
(-1.25828 -0.0058381 -1.23964e-17)
(-1.13383 -0.175811 -2.6962e-17)
(-1.1539 -0.171789 8.0861e-18)
(-1.16733 -0.15999 3.89887e-17)
(-1.1774 -0.140648 -2.91204e-17)
(-1.18713 -0.117109 -2.86968e-18)
(-1.19862 -0.0926236 1.79055e-17)
(-1.21193 -0.0691068 3.56729e-18)
(-1.22542 -0.0470588 8.09788e-18)
(-1.23687 -0.0262309 -5.03081e-18)
(-1.24455 -0.00629121 1.57259e-17)
(-1.14137 -0.163181 -1.22212e-17)
(-1.15464 -0.155652 1.94744e-17)
(-1.16216 -0.141364 7.082e-18)
(-1.16806 -0.121985 -2.69212e-17)
(-1.17559 -0.100682 7.07944e-18)
(-1.18629 -0.0798114 6.76381e-18)
(-1.19949 -0.0602857 -2.61897e-18)
(-1.21306 -0.0419485 -1.8643e-18)
(-1.22464 -0.0243281 -5.91958e-19)
(-1.23261 -0.00715013 -1.97026e-17)
(-1.14551 -0.148361 3.34949e-18)
(-1.15281 -0.138228 -1.62589e-17)
(-1.15579 -0.122848 -1.35239e-17)
(-1.15901 -0.104645 1.99653e-17)
(-1.16545 -0.086234 -4.69112e-18)
(-1.17593 -0.0690285 4.06384e-18)
(-1.18912 -0.0531408 -3.9341e-18)
(-1.20261 -0.0380078 -9.77207e-18)
(-1.21412 -0.0231021 1.20423e-17)
(-1.22218 -0.00826473 2.01749e-17)
(-1.1465 -0.132283 1.43042e-17)
(-1.14901 -0.120609 -3.11047e-18)
(-1.1489 -0.105375 6.20095e-18)
(-1.15074 -0.0891911 -1.0282e-17)
(-1.15691 -0.0739347 -1.03305e-17)
(-1.16746 -0.0601744 1.45002e-17)
(-1.18058 -0.0474529 -1.54975e-17)
(-1.1938 -0.035013 1.00041e-18)
(-1.20505 -0.022381 1.78147e-17)
(-1.21306 -0.00952971 3.67255e-18)
(-1.14488 -0.115859 -2.12482e-17)
(-1.14395 -0.103671 1.41589e-17)
(-1.14211 -0.0895344 2.08374e-17)
(-1.14359 -0.0758374 -3.32954e-17)
(-1.15 -0.0636882 1.58272e-18)
(-1.16071 -0.052981 1.8798e-17)
(-1.17362 -0.042915 -4.30232e-18)
(-1.18639 -0.0326984 4.03056e-18)
(-1.19722 -0.0219705 -1.14624e-17)
(-1.20507 -0.0108246 -8.88666e-18)
(-1.14141 -0.0998298 -5.0431e-18)
(-1.13835 -0.0879856 3.0285e-18)
(-1.13594 -0.0755734 -1.61375e-17)
(-1.13777 -0.0645047 1.5745e-17)
(-1.14466 -0.0551971 6.21123e-18)
(-1.15547 -0.0470695 7.25788e-19)
(-1.16801 -0.0391682 -3.55814e-18)
(-1.18017 -0.030773 1.26588e-17)
(-1.19046 -0.021657 -1.13647e-18)
(-1.19807 -0.0120056 -7.88836e-18)
(-1.13684 -0.0846997 -8.37138e-19)
(-1.13282 -0.0738261 1.85616e-17)
(-1.13071 -0.0634554 4.05551e-18)
(-1.13331 -0.0549099 1.62364e-20)
(-1.14074 -0.0480536 1.24249e-17)
(-1.15151 -0.0420216 1.42233e-17)
(-1.16352 -0.0358519 -4.87506e-18)
(-1.17496 -0.0289549 -1.56238e-17)
(-1.18466 -0.0212302 -7.87614e-18)
(-1.19197 -0.012921 8.06944e-18)
(-1.13185 -0.0707283 7.44139e-18)
(-1.12783 -0.0612156 1.78301e-17)
(-1.1266 -0.0529505 -1.69746e-17)
(-1.13016 -0.0466624 -1.75585e-17)
(-1.13805 -0.0418205 1.65158e-17)
(-1.14862 -0.0374391 -6.63363e-18)
(-1.15998 -0.0326445 -1.07933e-17)
(-1.17065 -0.0269989 2.38908e-17)
(-1.17973 -0.0205054 -8.65589e-18)
(-1.1867 -0.0134306 -1.63674e-17)
(-1.12698 -0.0579697 2.47714e-18)
(-1.12365 -0.0500001 -9.70187e-18)
(-1.12364 -0.0437228 -1.54999e-18)
(-1.12816 -0.0393431 -2.38059e-18)
(-1.13636 -0.0360903 2.46096e-17)
(-1.14659 -0.0329819 -3.86258e-18)
(-1.15723 -0.0292867 -2.28423e-17)
(-1.16712 -0.0247129 3.29643e-18)
(-1.17559 -0.0193372 8.27026e-18)
(-1.18222 -0.01342 1.69761e-17)
(-1.12259 -0.0463276 1.70953e-18)
(-1.12043 -0.0399213 -1.77302e-17)
(-1.12176 -0.0354013 4.12523e-18)
(-1.12713 -0.03256 -4.22172e-18)
(-1.13548 -0.0305199 -2.62594e-18)
(-1.14526 -0.028386 1.84394e-17)
(-1.15516 -0.0255891 -1.21339e-17)
(-1.16431 -0.0219624 -2.66579e-19)
(-1.17221 -0.0176244 1.59629e-17)
(-1.17849 -0.0128066 -2.01929e-17)
(-1.11889 -0.0356141 -8.08133e-19)
(-1.11814 -0.030678 4.64547e-19)
(-1.12079 -0.027632 -1.74662e-18)
(-1.12686 -0.0259813 1.26144e-17)
(-1.1352 -0.0248457 -4.25352e-18)
(-1.14448 -0.0234661 -2.00702e-17)
(-1.15367 -0.0214301 2.74285e-18)
(-1.16215 -0.0186666 -1.71496e-17)
(-1.16954 -0.0153079 2.46721e-17)
(-1.17549 -0.0115409 3.71103e-17)
(-1.11596 -0.0255993 8.14142e-18)
(-1.1167 -0.0219728 -2.55806e-17)
(-1.12055 -0.0201093 -9.33514e-18)
(-1.12715 -0.0193501 1.66628e-17)
(-1.13538 -0.0188849 1.4441e-17)
(-1.14415 -0.0181087 8.214e-18)
(-1.1527 -0.016746 -3.59782e-17)
(-1.1606 -0.0147901 -8.11599e-20)
(-1.16754 -0.0123647 8.65597e-18)
(-1.17319 -0.00960318 -6.0113e-19)
(-1.11375 -0.0160509 1.59473e-17)
(-1.11597 -0.0135421 1.35982e-17)
(-1.12085 -0.0125929 -2.36409e-17)
(-1.12782 -0.0124871 -1.78531e-17)
(-1.13588 -0.0125277 -3.63459e-18)
(-1.14418 -0.0122609 2.85788e-17)
(-1.1522 -0.0115198 1.82192e-17)
(-1.15963 -0.0103337 -1.60899e-17)
(-1.1662 -0.00880109 3.27042e-19)
(-1.17156 -0.00699849 3.87213e-19)
(-1.11216 -0.00676035 -1.2435e-18)
(-1.11575 -0.00517364 3.99606e-17)
(-1.1215 -0.00491158 -5.76108e-20)
(-1.12873 -0.00528366 -1.62856e-17)
(-1.13661 -0.00572527 2.109e-18)
(-1.14452 -0.00591655 4.97882e-18)
(-1.15213 -0.00576926 -7.8434e-18)
(-1.1592 -0.00532448 4.0524e-18)
(-1.16547 -0.00464495 2.21586e-17)
(-1.17058 -0.00375155 -4.67895e-17)
(-1.11107 0.00244171 2.1382e-18)
(-1.11589 0.00328667 -4.39702e-17)
(-1.12235 0.00304003 -1.54829e-18)
(-1.12977 0.00230823 4.32845e-17)
(-1.1375 0.00152331 5.19235e-20)
(-1.14514 0.000895712 5.25303e-18)
(-1.15246 0.000463503 -4.49733e-18)
(-1.15928 0.000192298 -1.70261e-17)
(-1.16533 6.04352e-05 1.25346e-17)
(-1.17021 9.84593e-05 3.92494e-18)
(-1.11016 0.00233108 8.99057e-18)
(-1.11602 0.00250777 4.04855e-19)
(-1.12308 0.00235988 -1.69726e-17)
(-1.13069 0.00206866 -5.48559e-19)
(-1.13838 0.00175607 1.67126e-17)
(-1.14589 0.00147668 -3.64651e-18)
(-1.15308 0.00123747 -1.86535e-17)
(-1.15978 0.00102959 3.86408e-18)
(-1.1657 0.000853078 8.85525e-18)
(-1.1704 0.000726676 -8.61335e-18)
)
;

boundaryField
{
    down
    {
        type            symmetryPlane;
    }
    right
    {
        type            extrapolatedCalculated;
        value           nonuniform List<vector> 
30
(
(-0.966592 -0.00857827 2.77583e-17)
(-0.894765 -0.021253 -6.94548e-18)
(-0.846728 -0.0127384 -6.44433e-18)
(-0.821439 -0.00476947 2.07189e-20)
(-0.81633 0.00209353 -1.17967e-17)
(-0.827673 0.00749744 5.6366e-18)
(-0.851037 0.0112974 -2.58832e-19)
(-0.88176 0.0135115 2.9672e-17)
(-0.915365 0.014258 -4.11131e-18)
(-0.947887 0.0137901 4.52409e-18)
(-0.975939 0.0125497 0)
(-0.999526 0.0103404 0)
(-1.0173 0.00705965 1.27549e-19)
(-1.02776 0.00315612 1.05148e-31)
(-1.02993 -0.00109588 1.97997e-20)
(-1.02338 -0.00538958 0)
(-1.00837 -0.00940022 0)
(-0.98578 -0.0128024 0)
(-0.957157 -0.0152888 0)
(-0.924624 -0.0165885 0)
(-0.890803 -0.0164835 0)
(-0.85869 -0.0148226 0)
(-0.831513 -0.0115295 0)
(-0.812572 -0.00660773 0)
(-0.805082 -0.000138766 0)
(-0.812017 0.00772391 0)
(-0.835978 0.0167654 0)
(-0.879079 0.0267237 0)
(-0.942872 0.0373057 0)
(-1.0283 0.0142382 0)
)
;
    }
    up
    {
        type            symmetryPlane;
    }
    left
    {
        type            extrapolatedCalculated;
        value           nonuniform List<vector> 
30
(
(176.17 -0.304553 3.8749e-19)
(175.065 -1.32456 1.68391e-15)
(172.925 -2.07178 -1.68122e-15)
(169.836 -2.64486 -1.52968e-15)
(165.917 -3.00991 -4.76098e-18)
(161.307 -3.15847 -1.98754e-15)
(156.157 -3.10423 1.27238e-15)
(150.619 -2.8768 4.91575e-15)
(144.833 -2.51463 -1.562e-15)
(138.93 -1.6219 1.69161e-15)
(135.757 -0.517888 6.67828e-18)
(135.664 -0.0477358 0)
(135.566 -0.0500375 -8.84755e-19)
(135.464 -0.0519604 3.46772e-17)
(135.359 -0.0534615 9.45297e-19)
(135.25 -0.0545059 0)
(135.141 -0.0550667 0)
(135.03 -0.0551256 0)
(134.92 -0.054672 0)
(134.811 -0.0537027 0)
(134.705 -0.0522206 0)
(134.603 -0.0502339 0)
(134.504 -0.0477548 0)
(134.412 -0.0447987 0)
(134.325 -0.0413836 0)
(134.246 -0.0375293 0)
(134.175 -0.033257 0)
(134.113 -0.0285893 0)
(134.061 -0.0235494 0)
(134.019 -0.00697977 0)
)
;
    }
    cylinder
    {
        type            symmetry;
    }
    defaultFaces
    {
        type            empty;
    }
}


// ************************************************************************* //
