/*--------------------------------*- C++ -*----------------------------------*\
| =========                 |                                                 |
| \\      /  F ield         | OpenFOAM: The Open Source CFD Toolbox           |
|  \\    /   O peration     | Version:  2206                                  |
|   \\  /    A nd           | Website:  www.openfoam.com                      |
|    \\/     M anipulation  |                                                 |
\*---------------------------------------------------------------------------*/
FoamFile
{
    version     2.0;
    format      ascii;
    arch        "LSB;label=32;scalar=64";
    class       volVectorField;
    location    "0";
    object      U_nn;
}
// * * * * * * * * * * * * * * * * * * * * * * * * * * * * * * * * * * * * * //

dimensions      [0 1 -1 0 0 0 0];

internalField   nonuniform List<vector> 
2000
(
(0.546425 -0.00708579 0.00215648)
(0.544826 -0.00716979 0.00238938)
(0.543074 -0.0072582 0.00264213)
(0.541176 -0.00735033 0.00291447)
(0.539135 -0.00744552 0.00320612)
(0.536956 -0.00754306 0.00351683)
(0.534644 -0.00764225 0.00384631)
(0.532205 -0.00774236 0.00419431)
(0.529642 -0.00784268 0.00456054)
(0.526962 -0.00794248 0.00494473)
(0.562741 -0.00630167 0.000398226)
(0.562605 -0.00632458 0.000468119)
(0.562301 -0.00635556 0.000557564)
(0.561836 -0.0063942 0.000666093)
(0.561214 -0.00644008 0.000793252)
(0.56044 -0.00649273 0.000938598)
(0.559518 -0.00655166 0.0011017)
(0.558455 -0.00661636 0.00128213)
(0.557255 -0.0066863 0.00147948)
(0.555923 -0.00676093 0.00169335)
(0.579069 -0.00540501 -0.00128023)
(0.580413 -0.00534487 -0.00135978)
(0.581579 -0.00529461 -0.00141923)
(0.582572 -0.0052541 -0.0014593)
(0.583396 -0.00522316 -0.00148067)
(0.584057 -0.00520157 -0.001484)
(0.584561 -0.00518904 -0.00146993)
(0.584913 -0.00518528 -0.00143906)
(0.585118 -0.00518994 -0.001392)
(0.585181 -0.00520264 -0.00132932)
(0.595321 -0.00440749 -0.00287164)
(0.598157 -0.00424433 -0.00308658)
(0.600806 -0.00409118 -0.00328005)
(0.603274 -0.00394818 -0.00345302)
(0.605566 -0.00381542 -0.00360643)
(0.607689 -0.0036929 -0.00374119)
(0.609647 -0.00358055 -0.00385816)
(0.611447 -0.00347825 -0.00395819)
(0.613093 -0.00338584 -0.00404206)
(0.614593 -0.00330308 -0.00411055)
(0.611405 -0.00332314 -0.00437019)
(0.615734 -0.00303948 -0.00470627)
(0.619873 -0.00276451 -0.00501864)
(0.623827 -0.00249866 -0.00530858)
(0.627601 -0.00224228 -0.00557731)
(0.631203 -0.0019956 -0.00582599)
(0.634637 -0.00175876 -0.00605574)
(0.63791 -0.00153182 -0.00626762)
(0.641029 -0.00131477 -0.00646264)
(0.643999 -0.00110752 -0.00664178)
(0.627225 -0.00216809 -0.00577156)
(0.633043 -0.00174934 -0.00621453)
(0.638669 -0.0013368 -0.00663076)
(0.64411 -0.000931225 -0.00702182)
(0.649371 -0.000533227 -0.00738923)
(0.65446 -0.000143289 -0.0077344)
(0.659382 0.000238227 -0.00805871)
(0.664145 0.000611075 -0.00836345)
(0.668755 0.000975111 -0.00864984)
(0.673219 0.00133028 -0.00891906)
(0.642686 -0.000960108 -0.00707284)
(0.649976 -0.00039491 -0.00760874)
(0.657077 0.000167408 -0.00811411)
(0.663996 0.00072572 -0.00859082)
(0.670738 0.00127908 -0.00904066)
(0.677312 0.00182673 -0.00946534)
(0.683723 0.00236805 -0.00986647)
(0.68998 0.00290257 -0.0102456)
(0.696089 0.00342996 -0.010604)
(0.702057 0.00395001 -0.0109433)
(0.657687 0.000281809 -0.00827251)
(0.666425 0.00100142 -0.00888789)
(0.674978 0.00172196 -0.00946827)
(0.683354 0.00244188 -0.0100158)
(0.69156 0.00315984 -0.0105326)
(0.699604 0.00387472 -0.0110206)
(0.707493 0.00458559 -0.0114817)
(0.715234 0.0052917 -0.0119176)
(0.722836 0.00599244 -0.0123299)
(0.730305 0.00668739 -0.0127202)
(0.672131 0.00153794 -0.0093703)
(0.682278 0.00241642 -0.0100525)
(0.692249 0.00329981 -0.0106946)
(0.702051 0.00418603 -0.0112991)
(0.711691 0.00507325 -0.0118685)
(0.721178 0.00595991 -0.0124048)
(0.730518 0.00684467 -0.0129102)
(0.739721 0.00772639 -0.0133867)
(0.748793 0.00860412 -0.0138361)
(0.757743 0.00947709 -0.0142601)
(0.685918 0.00278831 -0.0103671)
(0.697427 0.00382666 -0.0111043)
(0.708769 0.00487377 -0.0117959)
(0.719952 0.0059269 -0.0124448)
(0.730983 0.00698365 -0.0130536)
(0.741872 0.00804187 -0.0136247)
(0.752624 0.00909972 -0.0141605)
(0.76325 0.0101555 -0.0146632)
(0.773756 0.0112079 -0.0151347)
(0.78415 0.0122557 -0.0155771)
(0.401032 -0.00819718 0.0215791)
(0.38674 -0.0076432 0.023936)
(0.372496 -0.00695427 0.0263593)
(0.358303 -0.00612851 0.0288477)
(0.344165 -0.00516439 0.0313999)
(0.330088 -0.00406071 0.0340144)
(0.316074 -0.0028166 0.0366898)
(0.302129 -0.0014315 0.0394245)
(0.288254 9.48223e-05 0.0422168)
(0.274454 0.00176232 0.0450649)
(0.413074 -0.00855678 0.0197067)
(0.399845 -0.0081493 0.0218357)
(0.386648 -0.00762764 0.024023)
(0.373487 -0.00698999 0.0262677)
(0.360368 -0.00623485 0.0285688)
(0.347295 -0.00536099 0.0309251)
(0.334272 -0.00436744 0.0333353)
(0.321303 -0.00325351 0.0357983)
(0.308392 -0.00201877 0.0383125)
(0.295541 -0.000663051 0.0408766)
(0.425843 -0.00884158 0.0177741)
(0.413729 -0.00856865 0.0196731)
(0.401631 -0.00820126 0.0216232)
(0.389552 -0.00773766 0.0236236)
(0.377498 -0.00717634 0.0256735)
(0.365473 -0.006516 0.0277721)
(0.353482 -0.00575557 0.0299183)
(0.341528 -0.00489422 0.0321112)
(0.329616 -0.00393132 0.0343497)
(0.317748 -0.00286645 0.0366326)
(0.439277 -0.0090364 0.0157993)
(0.42833 -0.00888289 0.0174687)
(0.417379 -0.00865336 0.0191825)
(0.406428 -0.0083461 0.0209403)
(0.395483 -0.00795958 0.0227415)
(0.384549 -0.00749246 0.0245854)
(0.373628 -0.00694356 0.0264713)
(0.362727 -0.00631189 0.0283985)
(0.351849 -0.00559665 0.0303661)
(0.340998 -0.00479718 0.0323732)
(0.453313 -0.00912805 0.0137998)
(0.443581 -0.00907603 0.015242)
(0.433824 -0.00896495 0.0167228)
(0.424046 -0.00879316 0.018242)
(0.414253 -0.00855912 0.0197991)
(0.404449 -0.00826145 0.0213937)
(0.394639 -0.00789889 0.0230252)
(0.384827 -0.00747032 0.0246932)
(0.375018 -0.00697479 0.026397)
(0.365215 -0.00641145 0.028136)
(0.467888 -0.00910559 0.0117922)
(0.459416 -0.00913479 0.0130118)
(0.450896 -0.00912025 0.014265)
(0.442334 -0.00906038 0.0155516)
(0.433734 -0.00895369 0.0168713)
(0.425101 -0.00879879 0.0182239)
(0.41644 -0.00859437 0.019609)
(0.407755 -0.00833924 0.0210263)
(0.399051 -0.00803232 0.0224754)
(0.390332 -0.00767263 0.0239557)
(0.482935 -0.00896063 0.00979263)
(0.475765 -0.0090489 0.010796)
(0.468525 -0.00910697 0.0118287)
(0.46122 -0.00913335 0.0128905)
(0.453854 -0.00912663 0.0139813)
(0.446432 -0.00908546 0.0151011)
(0.438959 -0.00900854 0.0162495)
(0.43144 -0.00889466 0.0174264)
(0.423878 -0.00874269 0.0186315)
(0.41628 -0.00855157 0.0198645)
(0.498386 -0.00868749 0.00781597)
(0.492558 -0.00881132 0.00861122)
(0.486637 -0.00891659 0.00943215)
(0.480628 -0.00900197 0.0102787)
(0.474536 -0.00906617 0.0111509)
(0.468365 -0.00910792 0.0120487)
(0.462121 -0.00912601 0.0129718)
(0.455808 -0.00911927 0.0139201)
(0.44943 -0.00908657 0.0148935)
(0.442993 -0.00902686 0.0158918)
(0.514168 -0.00828335 0.00587613)
(0.509718 -0.00841841 0.00647272)
(0.505154 -0.00854458 0.00709225)
(0.50048 -0.00866072 0.00773467)
(0.495701 -0.0087657 0.00839992)
(0.490822 -0.00885842 0.00908792)
(0.485847 -0.00893779 0.00979855)
(0.480782 -0.00900273 0.0105317)
(0.475631 -0.00905221 0.0112872)
(0.470399 -0.00908523 0.0120649)
(0.530207 -0.0077484 0.00398582)
(0.527168 -0.00787008 0.00439459)
(0.523995 -0.00799052 0.00482434)
(0.520692 -0.00810882 0.00527497)
(0.517264 -0.00822404 0.00574631)
(0.513716 -0.00833528 0.00623824)
(0.510053 -0.00844161 0.00675059)
(0.506279 -0.00854213 0.0072832)
(0.502399 -0.00863595 0.00783587)
(0.498418 -0.00872217 0.00840842)
(0.260502 0.00360125 0.0480145)
(0.246268 0.00563793 0.0510956)
(0.232125 0.00782599 0.0542313)
(0.218074 0.0101642 0.0574192)
(0.204119 0.0126512 0.0606572)
(0.19026 0.0152852 0.0639431)
(0.1765 0.0180642 0.0672744)
(0.16284 0.0209861 0.0706489)
(0.149283 0.0240487 0.074064)
(0.135828 0.0272492 0.0775174)
(0.122478 0.0305851 0.0810065)
(0.109234 0.0340533 0.0845287)
(0.0960967 0.037651 0.0880815)
(0.0830666 0.0413749 0.0916622)
(0.0701446 0.0452217 0.0952682)
(0.0573313 0.0491879 0.0988966)
(0.0446272 0.0532702 0.102545)
(0.0320326 0.0574647 0.106209)
(0.0195477 0.0617679 0.109888)
(0.00717244 0.0661758 0.113578)
(0.281915 0.000911938 0.0436565)
(0.267384 0.00274956 0.0466905)
(0.252945 0.00474268 0.0497826)
(0.238602 0.00689039 0.0529304)
(0.224356 0.00919146 0.056132)
(0.210209 0.0116444 0.0593849)
(0.196163 0.0142476 0.062687)
(0.18222 0.0169989 0.0660358)
(0.16838 0.0198964 0.0694289)
(0.154647 0.0229375 0.072864)
(0.14102 0.0261197 0.0763385)
(0.127501 0.0294403 0.0798498)
(0.11409 0.0328964 0.0833955)
(0.100789 0.0364849 0.0869728)
(0.0875988 0.0402027 0.0905791)
(0.0745188 0.0440464 0.0942118)
(0.06155 0.0480126 0.0978679)
(0.0486928 0.0520977 0.101545)
(0.0359473 0.0562981 0.105239)
(0.0233136 0.0606099 0.108949)
(0.304424 -0.00154827 0.0392469)
(0.289515 8.3267e-05 0.0422394)
(0.274702 0.00187566 0.0452941)
(0.259988 0.00382829 0.0484089)
(0.245374 0.00594023 0.0515815)
(0.230862 0.00821024 0.0548097)
(0.216456 0.0106368 0.0580912)
(0.202155 0.0132183 0.0614236)
(0.187962 0.0159525 0.0648045)
(0.173878 0.0188374 0.0682314)
(0.159905 0.0218705 0.0717019)
(0.146042 0.0250491 0.0752134)
(0.132292 0.0283706 0.0787633)
(0.118654 0.0318318 0.0823489)
(0.10513 0.0354298 0.0859677)
(0.0917204 0.0391613 0.0896167)
(0.0784248 0.0430228 0.0932933)
(0.065244 0.0470108 0.0969946)
(0.0521782 0.0511218 0.100718)
(0.0392275 0.0553519 0.10446)
(0.327952 -0.00372754 0.0348264)
(0.312587 -0.00231161 0.0377807)
(0.297323 -0.000728373 0.0408022)
(0.282161 0.00102191 0.0438885)
(0.267105 0.00293863 0.0470376)
(0.252156 0.00502082 0.0502471)
(0.237316 0.00726724 0.0535147)
(0.222588 0.00967634 0.0568379)
(0.207972 0.0122463 0.0602143)
(0.19347 0.0149751 0.0636414)
(0.179083 0.0178604 0.0671167)
(0.164812 0.0208996 0.0706374)
(0.150658 0.0240902 0.0742011)
(0.136622 0.0274291 0.0778049)
(0.122704 0.0309134 0.0814462)
(0.108904 0.0345398 0.0851222)
(0.0952235 0.0383048 0.0888299)
(0.0816622 0.0422051 0.0925666)
(0.0682204 0.0462369 0.0963293)
(0.054898 0.0503966 0.100115)
(0.352426 -0.00558116 0.0304325)
(0.33653 -0.00439255 0.0333499)
(0.320739 -0.00302923 0.03634)
(0.305057 -0.00149102 0.0394007)
(0.289486 0.000221838 0.0425297)
(0.274029 0.00210872 0.0457246)
(0.258687 0.00416865 0.0489829)
(0.243463 0.00640032 0.0523023)
(0.228358 0.0088021 0.0556801)
(0.213372 0.0113721 0.0591137)
(0.198509 0.0141081 0.0626006)
(0.183767 0.0170077 0.0661379)
(0.169149 0.0200683 0.0697231)
(0.154655 0.023287 0.0733532)
(0.140285 0.0266608 0.0770256)
(0.12604 0.0301864 0.0807372)
(0.11192 0.0338604 0.0844852)
(0.0979252 0.0376793 0.0882666)
(0.0840557 0.0416394 0.0920784)
(0.0703116 0.0457369 0.0959174)
(0.377779 -0.00707173 0.0260999)
(0.361278 -0.00612396 0.0289795)
(0.34489 -0.00499329 0.0319383)
(0.328616 -0.00367902 0.034974)
(0.312461 -0.0021809 0.0380843)
(0.296426 -0.000499152 0.0412667)
(0.280515 0.00136557 0.0445186)
(0.264729 0.00341224 0.0478376)
(0.24907 0.00563945 0.0512208)
(0.233539 0.00804547 0.0546656)
(0.218138 0.0106282 0.0581692)
(0.202867 0.0133854 0.0617289)
(0.187727 0.0163144 0.0653416)
(0.172719 0.0194124 0.0690046)
(0.157844 0.0226764 0.0727149)
(0.143101 0.026103 0.0764694)
(0.128491 0.0296888 0.0802652)
(0.114013 0.0334302 0.084099)
(0.0996689 0.0373234 0.0879678)
(0.085457 0.0413645 0.0918683)
(0.403946 -0.00816934 0.0218606)
(0.386771 -0.00747723 0.0246995)
(0.369715 -0.0065935 0.0276249)
(0.352781 -0.00551673 0.0306344)
(0.335974 -0.0042461 0.0337255)
(0.319296 -0.00278132 0.0368956)
(0.30275 -0.0011226 0.0401422)
(0.286339 0.000729367 0.0434624)
(0.270065 0.00277344 0.0468534)
(0.253928 0.00500808 0.0503124)
(0.237931 0.00743138 0.0538364)
(0.222074 0.0100411 0.0574223)
(0.206358 0.0128347 0.0610672)
(0.190784 0.0158093 0.064768)
(0.175352 0.0189618 0.0685216)
(0.160063 0.0222889 0.0723247)
(0.144915 0.0257871 0.0761742)
(0.12991 0.0294525 0.0800667)
(0.115047 0.0332814 0.0839991)
(0.100325 0.0372697 0.0879678)
(0.430864 -0.00885176 0.0177439)
(0.412948 -0.0084308 0.0205373)
(0.395157 -0.00780926 0.0234252)
(0.377498 -0.00698483 0.0264052)
(0.359974 -0.00595588 0.0294748)
(0.342589 -0.00472148 0.0326312)
(0.325347 -0.00328128 0.0358717)
(0.30825 -0.00163555 0.0391932)
(0.291301 0.000214932 0.0425927)
(0.274501 0.00226888 0.0460672)
(0.257852 0.00452455 0.0496135)
(0.241356 0.0069798 0.0532284)
(0.225012 0.00963212 0.0569085)
(0.208822 0.0124786 0.0606507)
(0.192786 0.0155162 0.0644515)
(0.176904 0.0187414 0.0683075)
(0.161176 0.0221505 0.0722154)
(0.145601 0.0257397 0.0761716)
(0.130179 0.0295049 0.0801725)
(0.114911 0.0334417 0.0842147)
(0.458465 -0.00910477 0.0137765)
(0.439746 -0.00897034 0.0165177)
(0.42116 -0.00862655 0.0193623)
(0.402714 -0.0080699 0.0223079)
(0.384412 -0.00729775 0.0253518)
(0.36626 -0.00630828 0.0284912)
(0.348261 -0.00510045 0.0317231)
(0.33042 -0.00367392 0.0350443)
(0.31274 -0.00202902 0.0384515)
(0.295222 -0.000166698 0.0419414)
(0.277869 0.00191153 0.0455106)
(0.260681 0.00420366 0.0491555)
(0.243661 0.00670722 0.0528726)
(0.226808 0.00941933 0.0566583)
(0.210123 0.0123367 0.060509)
(0.193606 0.0154559 0.064421)
(0.177257 0.0187729 0.0683906)
(0.161075 0.0222837 0.072414)
(0.145059 0.025984 0.0764874)
(0.12921 0.0298691 0.0806071)
(0.486676 -0.00892269 0.00998328)
(0.467099 -0.00908908 0.0126636)
(0.447661 -0.00903803 0.0154573)
(0.428371 -0.0087645 0.0183617)
(0.409235 -0.00826453 0.0213741)
(0.390259 -0.00753516 0.0244915)
(0.371449 -0.00657436 0.0277108)
(0.35281 -0.00538102 0.0310284)
(0.334345 -0.00395486 0.0344409)
(0.316057 -0.00229637 0.0379446)
(0.297949 -0.000406728 0.0415357)
(0.280023 0.00171223 0.0452105)
(0.26228 0.00405812 0.0489649)
(0.244721 0.00662805 0.0527951)
(0.227346 0.00941866 0.0566971)
(0.210155 0.0124262 0.0606669)
(0.193147 0.0156466 0.0647003)
(0.176323 0.0190755 0.0687934)
(0.159682 0.0227082 0.072942)
(0.143221 0.0265398 0.0771419)
(0.507691 -0.00851522 0.00736258)
(0.48762 -0.00890558 0.00997069)
(0.467692 -0.0090771 0.0126973)
(0.447916 -0.00902361 0.0155401)
(0.428301 -0.00874013 0.0184963)
(0.408853 -0.00822277 0.0215629)
(0.389579 -0.00746875 0.0247366)
(0.370483 -0.00647626 0.0280139)
(0.351571 -0.0052445 0.0313912)
(0.332845 -0.00377349 0.0348646)
(0.31431 -0.00206409 0.0384304)
(0.295966 -0.000117848 0.0420843)
(0.277816 0.00206301 0.0458225)
(0.25986 0.00447569 0.0496407)
(0.242099 0.00711691 0.0535348)
(0.224532 0.00998292 0.0575007)
(0.20716 0.0130696 0.0615341)
(0.189981 0.0163725 0.0656309)
(0.172994 0.0198868 0.0697866)
(0.156199 0.0236076 0.0739972)
(0.521243 -0.00813958 0.00579648)
(0.501062 -0.00866658 0.00832967)
(0.481026 -0.008979 0.0109818)
(0.461145 -0.0090702 0.0137505)
(0.441428 -0.00893472 0.0166331)
(0.421881 -0.00856826 0.0196268)
(0.402512 -0.00796763 0.0227282)
(0.383325 -0.00713068 0.0259341)
(0.364325 -0.00605625 0.0292407)
(0.345516 -0.00474407 0.0326443)
(0.326901 -0.00319472 0.0361411)
(0.308482 -0.00140952 0.0397271)
(0.29026 0.000609533 0.0433982)
(0.272237 0.00285986 0.0471505)
(0.254412 0.00533834 0.0509797)
(0.236785 0.00804141 0.0548818)
(0.219356 0.0109651 0.0588526)
(0.202124 0.0141051 0.062888)
(0.185088 0.0174569 0.0669837)
(0.168245 0.0210155 0.0711357)
(0.534574 -0.00768903 0.00431679)
(0.51428 -0.00834668 0.00677691)
(0.494134 -0.00879415 0.00935623)
(0.474146 -0.0090243 0.0120525)
(0.454325 -0.00903121 0.0148633)
(0.434678 -0.00881013 0.0177857)
(0.415211 -0.00835749 0.0208165)
(0.395931 -0.00767075 0.0239524)
(0.376843 -0.00674842 0.0271898)
(0.357949 -0.00558994 0.030525)
(0.339253 -0.0041956 0.0339542)
(0.320757 -0.00256649 0.0374734)
(0.302463 -0.000704384 0.0410787)
(0.284371 0.00138833 0.0447659)
(0.266483 0.00370871 0.0485311)
(0.248796 0.00625334 0.0523701)
(0.231311 0.0090184 0.0562789)
(0.214027 0.0119997 0.0602533)
(0.196941 0.0151929 0.0642893)
(0.180053 0.0185932 0.0683827)
(0.547699 -0.00717047 0.00291769)
(0.527291 -0.00795307 0.00530651)
(0.507034 -0.00852999 0.00781479)
(0.486937 -0.00889362 0.0104404)
(0.467009 -0.00903756 0.013181)
(0.44726 -0.00895662 0.0160337)
(0.427694 -0.0086468 0.0189954)
(0.408319 -0.0081052 0.0220629)
(0.389139 -0.00732998 0.0252325)
(0.370158 -0.00632027 0.0285007)
(0.35138 -0.0050761 0.0318637)
(0.332806 -0.0035983 0.0353174)
(0.314438 -0.00188843 0.038858)
(0.296277 5.13034e-05 0.0424814)
(0.278323 0.00221812 0.0461835)
(0.260576 0.00460875 0.0499604)
(0.243035 0.00721953 0.0538079)
(0.225698 0.0100464 0.0577221)
(0.208564 0.013085 0.0616988)
(0.191631 0.0163309 0.065734)
(0.560638 -0.00659003 0.00159367)
(0.540114 -0.0074921 0.00391291)
(0.519742 -0.00819316 0.00635181)
(0.499534 -0.00868507 0.00890841)
(0.479498 -0.00896095 0.0115803)
(0.459643 -0.00901516 0.0143649)
(0.439976 -0.00884328 0.0172591)
(0.420504 -0.008442 0.0202596)
(0.40123 -0.00780915 0.023363)
(0.38216 -0.00694352 0.0265656)
(0.363296 -0.00584488 0.0298637)
(0.344642 -0.00451381 0.0332533)
(0.326199 -0.00295165 0.0367304)
(0.307967 -0.00116044 0.0402912)
(0.289946 0.000857226 0.0439314)
(0.272137 0.00309821 0.0476472)
(0.254539 0.00555896 0.0514344)
(0.237149 0.00823554 0.0552891)
(0.219966 0.0111237 0.0592072)
(0.202988 0.014219 0.0631847)
(0.57341 -0.00595306 0.000339611)
(0.552767 -0.00696941 0.00259087)
(0.532279 -0.00778954 0.00496197)
(0.511957 -0.0084048 0.00745107)
(0.49181 -0.00880781 0.0100559)
(0.471847 -0.00899246 0.0127738)
(0.452076 -0.00895388 0.015602)
(0.432503 -0.00868838 0.018537)
(0.413133 -0.0081934 0.0215756)
(0.39397 -0.00746744 0.024714)
(0.375019 -0.00650994 0.0279486)
(0.356282 -0.00532124 0.0312754)
(0.33776 -0.00390249 0.0346904)
(0.319455 -0.0022555 0.0381898)
(0.301366 -0.000382749 0.0417693)
(0.283493 0.00171279 0.0454251)
(0.265835 0.00402766 0.0491531)
(0.248391 0.00655805 0.0529492)
(0.231158 0.0092998 0.0568095)
(0.214134 0.0122485 0.0607301)
(0.586031 -0.0052643 -0.000849303)
(0.565268 -0.00638995 0.00133549)
(0.544661 -0.00732434 0.00364028)
(0.524223 -0.00805826 0.00606333)
(0.503962 -0.00858384 0.00860249)
(0.483889 -0.00889448 0.0112552)
(0.46401 -0.00898485 0.0140187)
(0.444333 -0.00885085 0.0168897)
(0.424864 -0.00848953 0.0198648)
(0.405607 -0.00789905 0.0229405)
(0.386565 -0.00707856 0.0261129)
(0.367742 -0.00602815 0.0293782)
(0.349139 -0.00474871 0.0327325)
(0.330757 -0.0032419 0.0361717)
(0.312597 -0.00151001 0.0396918)
(0.294658 0.000444107 0.0432888)
(0.276938 0.00261711 0.0469586)
(0.259438 0.00500526 0.0506973)
(0.242153 0.0076045 0.0545008)
(0.225082 0.0104105 0.0583653)
(0.598522 -0.00452782 -0.00197753)
(0.577636 -0.00575803 0.00014221)
(0.556908 -0.00680207 0.00238205)
(0.536351 -0.00765022 0.00474042)
(0.515974 -0.00829406 0.00721525)
(0.495787 -0.00872649 0.00980413)
(0.475798 -0.00894172 0.0125042)
(0.456014 -0.00893521 0.0153125)
(0.436442 -0.00870361 0.0182255)
(0.417086 -0.00824472 0.0212397)
(0.39795 -0.00755738 0.0243513)
(0.379038 -0.0066414 0.0275565)
(0.36035 -0.00549746 0.0308513)
(0.341889 -0.00412699 0.0342317)
(0.323654 -0.00253215 0.0376936)
(0.305646 -0.000715634 0.041233)
(0.287862 0.00131931 0.0448459)
(0.270303 0.00356905 0.0485282)
(0.252964 0.00602956 0.052276)
(0.235844 0.00869659 0.0560853)
(0.6109 -0.00374718 -0.00304917)
(0.589889 -0.00507738 -0.000993201)
(0.569038 -0.0062267 0.00118297)
(0.548359 -0.00718484 0.00347789)
(0.527863 -0.00794286 0.00588963)
(0.507559 -0.00849315 0.00841586)
(0.487457 -0.0088294 0.0110539)
(0.467563 -0.00894662 0.0138006)
(0.447885 -0.00884106 0.0166527)
(0.428427 -0.00851014 0.0196066)
(0.409193 -0.00795236 0.0226587)
(0.390187 -0.00716725 0.025805)
(0.371411 -0.00615523 0.0290416)
(0.352867 -0.00491754 0.0323644)
(0.334554 -0.00345616 0.0357694)
(0.316473 -0.00177366 0.0392525)
(0.298622 0.000126837 0.0428096)
(0.281 0.00224177 0.0464368)
(0.263605 0.00456719 0.05013)
(0.246433 0.00709888 0.0538853)
(0.623183 -0.00292542 -0.00406803)
(0.602046 -0.00435123 -0.00207464)
(0.581069 -0.00560162 3.90131e-05)
(0.560266 -0.00666573 0.00227162)
(0.539648 -0.00753407 0.00462138)
(0.519225 -0.00819848 0.00708608)
(0.499006 -0.00865216 0.00966308)
(0.478999 -0.00888962 0.0123494)
(0.45921 -0.00890669 0.0151418)
(0.439646 -0.00870037 0.0180367)
(0.420311 -0.00826883 0.0210304)
(0.401208 -0.00761128 0.024119)
(0.38234 -0.00672789 0.0272986)
(0.363708 -0.00561969 0.030565)
(0.345314 -0.00428845 0.0339143)
(0.327156 -0.00273661 0.0373423)
(0.309234 -0.000967191 0.0408449)
(0.291546 0.00101634 0.0444181)
(0.27409 0.0032101 0.0480579)
(0.256863 0.0056099 0.0517603)
(0.635389 -0.00206517 -0.00503756)
(0.614124 -0.00358234 -0.00310567)
(0.59302 -0.00492974 -0.0010535)
(0.572091 -0.00609598 0.0011178)
(0.551348 -0.00707096 0.00340659)
(0.530802 -0.00784598 0.00581076)
(0.510463 -0.00841371 0.00832776)
(0.490339 -0.00876815 0.0109547)
(0.470437 -0.00890467 0.0136884)
(0.450763 -0.00881986 0.0165252)
(0.431322 -0.00851151 0.0194616)
(0.412118 -0.0079785 0.0224937)
(0.393153 -0.00722072 0.0256174)
(0.37443 -0.00623896 0.0288287)
(0.355949 -0.00503481 0.0321234)
(0.337711 -0.00361055 0.0354975)
(0.319713 -0.00196908 0.0389468)
(0.301955 -0.000113788 0.0424673)
(0.284435 0.00195152 0.0460548)
(0.267149 0.0042227 0.0497055)
(0.647536 -0.00116866 -0.00596091)
(0.626141 -0.00277305 -0.00408955)
(0.604908 -0.00421357 -0.00209794)
(0.58385 -0.00547822 1.29639e-05)
(0.56298 -0.00655634 0.00224166)
(0.542309 -0.00743864 0.00458617)
(0.521847 -0.00811723 0.00704406)
(0.501602 -0.00858562 0.00961251)
(0.481583 -0.00883866 0.0122884)
(0.461795 -0.0088725 0.0150682)
(0.442244 -0.00868454 0.0179483)
(0.422935 -0.00827331 0.0209248)
(0.403869 -0.00763838 0.0239937)
(0.38505 -0.00678031 0.0271508)
(0.366479 -0.00570047 0.0303922)
(0.348154 -0.00440097 0.0337135)
(0.330077 -0.00288459 0.0371107)
(0.312245 -0.00115461 0.0405795)
(0.294655 0.000785224 0.044116)
(0.277307 0.0029308 0.0477162)
(0.65964 -0.000237802 -0.00684092)
(0.638114 -0.00192537 -0.00502924)
(0.61675 -0.00345519 -0.00309736)
(0.595562 -0.00481467 -0.00104608)
(0.574563 -0.00599256 0.00112329)
(0.553763 -0.00697897 0.00340889)
(0.533175 -0.00776544 0.00580843)
(0.512806 -0.00834492 0.00831917)
(0.492666 -0.00871176 0.010938)
(0.47276 -0.00886164 0.0136616)
(0.453096 -0.00879151 0.0164862)
(0.433676 -0.00849955 0.0194081)
(0.414505 -0.007985 0.0224231)
(0.395586 -0.00724813 0.0255272)
(0.376918 -0.00629008 0.0287162)
(0.358504 -0.0051128 0.0319858)
(0.340342 -0.0037189 0.0353319)
(0.32243 -0.00211157 0.0387503)
(0.304768 -0.000294498 0.0422369)
(0.287351 0.00172827 0.0457877)
(0.671718 0.000725752 -0.00768015)
(0.65006 -0.00104102 -0.00592739)
(0.628564 -0.0026564 -0.00405454)
(0.607244 -0.00410722 -0.0020622)
(0.586112 -0.00538161 4.84796e-05)
(0.565182 -0.00646909 0.00227581)
(0.544465 -0.0073606 0.00461762)
(0.523969 -0.00804851 0.00707129)
(0.503704 -0.00852662 0.00963382)
(0.483677 -0.00879012 0.0123018)
(0.463894 -0.00883551 0.0150718)
(0.44436 -0.00866055 0.0179397)
(0.42508 -0.00826414 0.0209017)
(0.406054 -0.00764625 0.0239536)
(0.387287 -0.00680776 0.0270912)
(0.368777 -0.00575041 0.0303101)
(0.350525 -0.00447667 0.0336063)
(0.332529 -0.00298962 0.0369753)
(0.314788 -0.00129283 0.0404131)
(0.297299 0.000609667 0.0439156)
(0.683785 0.00172058 -0.00848091)
(0.661994 -0.000121442 -0.00678638)
(0.640365 -0.00181869 -0.00497194)
(0.618911 -0.00335742 -0.00303798)
(0.597646 -0.00472514 -0.000985458)
(0.576583 -0.00591076 0.00118412)
(0.555734 -0.00690458 0.00346871)
(0.535108 -0.00769839 0.00586583)
(0.514715 -0.00828542 0.00837256)
(0.494562 -0.00866033 0.0109856)
(0.474657 -0.00881913 0.0137014)
(0.455005 -0.00875914 0.0165162)
(0.435609 -0.00847888 0.0194259)
(0.416474 -0.00797799 0.0224263)
(0.397601 -0.00725709 0.0255133)
(0.37899 -0.00631767 0.0286825)
(0.360643 -0.00516204 0.0319296)
(0.342558 -0.00379313 0.0352503)
(0.324733 -0.00221444 0.0386404)
(0.307166 -0.000429925 0.0420958)
(0.695855 0.00274541 -0.00924521)
(0.673932 0.000832094 -0.00760833)
(0.652169 -0.000943353 -0.00585179)
(0.63058 -0.00256659 -0.00397574)
(0.609181 -0.00402452 -0.00198094)
(0.587983 -0.0053054 0.000131279)
(0.566999 -0.00639892 0.00235905)
(0.54624 -0.00729623 0.00470001)
(0.525715 -0.00798997 0.00715135)
(0.505434 -0.00847423 0.00970988)
(0.485402 -0.00874451 0.0123721)
(0.465627 -0.00879767 0.0151342)
(0.446112 -0.00863181 0.0179921)
(0.426861 -0.0082462 0.0209418)
(0.407877 -0.00764115 0.0239789)
(0.389161 -0.00681792 0.0270991)
(0.370714 -0.00577861 0.030298)
(0.352534 -0.004526 0.0335713)
(0.334619 -0.00306348 0.0369147)
(0.316969 -0.00139493 0.0403239)
(0.707944 0.00379913 -0.00997487)
(0.685888 0.00181848 -0.00839511)
(0.663991 -3.14816e-05 -0.00669602)
(0.642267 -0.00173583 -0.0048775)
(0.620731 -0.00328087 -0.0029401)
(0.599396 -0.00465419 -0.000884951)
(0.578276 -0.00584485 0.00128626)
(0.557381 -0.00684335 0.00357133)
(0.536722 -0.0076417 0.00596756)
(0.516308 -0.00823341 0.00847188)
(0.496146 -0.00861342 0.0110808)
(0.476243 -0.00877808 0.0137906)
(0.456605 -0.00872506 0.0165973)
(0.437234 -0.00845322 0.0194968)
(0.418134 -0.00796255 0.0224846)
(0.399307 -0.00725403 0.0255565)
(0.380754 -0.00632951 0.0287079)
(0.362473 -0.00519161 0.0319346)
(0.344463 -0.00384361 0.0352322)
(0.326724 -0.00228929 0.0385963)
(0.720063 0.00488067 -0.0106714)
(0.697876 0.0028367 -0.00914836)
(0.675845 0.000915955 -0.00750634)
(0.653985 -0.000866092 -0.00574506)
(0.632311 -0.00249511 -0.00386483)
(0.610839 -0.00395808 -0.00186655)
(0.58958 -0.00524335 0.000248265)
(0.568547 -0.00634078 0.00247759)
(0.547751 -0.00724174 0.00481888)
(0.527201 -0.00793909 0.00726915)
(0.506905 -0.00842721 0.00982503)
(0.486871 -0.00870191 0.0124828)
(0.467104 -0.00876036 0.0152386)
(0.447609 -0.008601 0.0180882)
(0.428388 -0.00822345 0.0210272)
(0.409445 -0.00762838 0.0240513)
(0.390779 -0.00681738 0.027156)
(0.372392 -0.00579289 0.0303368)
(0.354282 -0.00455801 0.0335893)
(0.336447 -0.00311644 0.0369091)
(0.732227 0.00598904 -0.0113363)
(0.709909 0.00388583 -0.00986949)
(0.687744 0.00189808 -0.00828423)
(0.665748 4.18143e-05 -0.00657997)
(0.643937 -0.00166804 -0.00475675)
(0.622325 -0.00321781 -0.00281525)
(0.600927 -0.00459518 -0.000756766)
(0.579754 -0.00578932 0.00141685)
(0.558818 -0.00679092 0.00370323)
(0.538129 -0.00759221 0.00609951)
(0.517696 -0.00818693 0.00860242)
(0.497527 -0.00857033 0.0112083)
(0.477627 -0.00873904 0.0139134)
(0.458002 -0.00869106 0.0167133)
(0.438656 -0.00842558 0.0196039)
(0.41959 -0.00794294 0.0225806)
(0.400808 -0.00724444 0.025639)
(0.382308 -0.00633228 0.0287745)
(0.364091 -0.0052094 0.0319827)
(0.346155 -0.00387937 0.035259)
(0.744446 0.00712323 -0.0119707)
(0.721998 0.00496494 -0.0105597)
(0.699701 0.00291407 -0.00903098)
(0.677569 0.000987138 -0.00738355)
(0.65562 -0.000800331 -0.00561725)
(0.633869 -0.00243402 -0.00373252)
(0.61233 -0.00390093 -0.0017304)
(0.591015 -0.00518956 0.000387448)
(0.569937 -0.00628987 0.00261883)
(0.549107 -0.00719343 0.00496105)
(0.528533 -0.00789333 0.00741094)
(0.508225 -0.00838419 0.00996497)
(0.488188 -0.00866211 0.0126193)
(0.46843 -0.00872455 0.0153698)
(0.448952 -0.00857029 0.0182121)
(0.42976 -0.00819926 0.0211417)
(0.410855 -0.00761245 0.0241542)
(0.392237 -0.0068118 0.0272449)
(0.373907 -0.00580004 0.0304092)
(0.355863 -0.00458061 0.0336426)
(0.794762 0.0133324 -0.0160066)
(0.767667 0.0104587 -0.0147158)
(0.739554 0.00756815 -0.0131997)
(0.71065 0.00472591 -0.0114434)
(0.681179 0.0019994 -0.00943607)
(0.651354 -0.000544808 -0.00717162)
(0.621376 -0.00284413 -0.0046491)
(0.591427 -0.00484279 -0.00187263)
(0.561673 -0.00649392 0.00114881)
(0.532257 -0.00776098 0.00440187)
(0.80571 0.014449 -0.016427)
(0.778704 0.0115646 -0.0152036)
(0.750742 0.00865618 -0.0137655)
(0.722043 0.00578545 -0.0120983)
(0.692821 0.00301675 -0.0101918)
(0.663285 0.000413928 -0.00804033)
(0.633629 -0.00196273 -0.00564298)
(0.604034 -0.00405922 -0.003004)
(0.574661 -0.00582995 -0.000132403)
(0.545654 -0.00723924 0.00295847)
(0.816575 0.0155594 -0.0168203)
(0.789658 0.0126691 -0.0156617)
(0.761844 0.00974797 -0.0142983)
(0.733344 0.00685466 -0.0127164)
(0.704364 0.00405042 -0.0109063)
(0.675105 0.00139646 -0.00886226)
(0.645756 -0.00104911 -0.0065837)
(0.616493 -0.00323388 -0.00407471)
(0.587476 -0.00511336 -0.00134414)
(0.558847 -0.00665248 0.00159485)
(0.827365 0.0166625 -0.0171881)
(0.800536 0.0137708 -0.0160917)
(0.772869 0.0108421 -0.0148)
(0.744563 0.0079318 -0.0132998)
(0.715817 0.00509829 -0.0115817)
(0.686823 0.00240021 -0.00964014)
(0.657767 -0.000106403 -0.00747444)
(0.628818 -0.00237065 -0.0050885)
(0.600134 -0.00434899 -0.00249086)
(0.571852 -0.00600676 0.000305709)
(0.838088 0.0177575 -0.0175317)
(0.811348 0.0148688 -0.0164953)
(0.783824 0.0119373 -0.0152724)
(0.755708 0.00901531 -0.0138505)
(0.727189 0.00615848 -0.0122203)
(0.698452 0.00342288 -0.0103765)
(0.669675 0.000862579 -0.00831817)
(0.641023 -0.00147299 -0.00604891)
(0.612648 -0.00354112 -0.00357677)
(0.584688 -0.00530743 -0.000913963)
(0.848751 0.0188438 -0.0178526)
(0.822099 0.0159621 -0.0168738)
(0.794718 0.0130323 -0.015717)
(0.766789 0.0101038 -0.0143701)
(0.738491 0.00722928 -0.0128241)
(0.710003 0.00446244 -0.0110737)
(0.681492 0.00185534 -0.00911766)
(0.653121 -0.000543956 -0.00695919)
(0.625036 -0.00269354 -0.00460574)
(0.597371 -0.00455919 -0.00206883)
(0.859361 0.0199206 -0.0181519)
(0.832798 0.0170499 -0.0172286)
(0.805559 0.0141262 -0.0161353)
(0.777813 0.011196 -0.0148604)
(0.749732 0.00830918 -0.0133951)
(0.721484 0.00551704 -0.0117339)
(0.693231 0.00286967 -0.00987547)
(0.665126 0.000413753 -0.00782239)
(0.637312 -0.00180955 -0.00558141)
(0.609918 -0.00376617 -0.00316323)
(0.869925 0.0209873 -0.0184309)
(0.843452 0.0181315 -0.0175609)
(0.816354 0.0152181 -0.0165287)
(0.78879 0.0122908 -0.0153229)
(0.760921 0.0093968 -0.0139349)
(0.732907 0.00658503 -0.0123592)
(0.704901 0.00390359 -0.010594)
(0.67705 0.00139775 -0.00864129)
(0.649491 -0.000892089 -0.00650713)
(0.622348 -0.00293196 -0.0042012)
(0.880448 0.0220435 -0.0186905)
(0.854067 0.0192061 -0.017872)
(0.82711 0.016307 -0.0168985)
(0.799727 0.013387 -0.015759)
(0.772067 0.0104909 -0.0144452)
(0.744282 0.00766493 -0.0129513)
(0.716516 0.00495533 -0.0112753)
(0.688907 0.00240592 -0.00941847)
(0.661588 5.63155e-05 -0.00738596)
(0.634677 -0.00205967 -0.00518643)
(0.890939 0.0230887 -0.0189317)
(0.86465 0.0202732 -0.0181628)
(0.837835 0.0173922 -0.0172457)
(0.810631 0.0144839 -0.01617)
(0.783179 0.0115903 -0.0149274)
(0.755618 0.00875538 -0.0135121)
(0.728085 0.0060233 -0.0119215)
(0.70071 0.0034364 -0.0101563)
(0.673617 0.00103343 -0.00822073)
(0.646921 -0.00115199 -0.00612232)
(0.901402 0.0241225 -0.0191555)
(0.875208 0.0213322 -0.0184343)
(0.848535 0.018473 -0.0175715)
(0.82151 0.0155804 -0.0165571)
(0.794264 0.0126939 -0.0153829)
(0.766924 0.00985514 -0.014043)
(0.739619 0.00710606 -0.0125343)
(0.71247 0.0044875 -0.0108569)
(0.685594 0.00203729 -0.00901402)
(0.659098 -0.000211237 -0.00701199)
(0.911843 0.0251446 -0.0193627)
(0.885746 0.0223826 -0.0186874)
(0.859216 0.0195486 -0.0178769)
(0.832372 0.0166758 -0.0169215)
(0.80533 0.0138009 -0.015813)
(0.77821 0.0109631 -0.0145455)
(0.751129 0.00820229 -0.0131155)
(0.7242 0.00555774 -0.0115223)
(0.697531 0.00306617 -0.00976818)
(0.671223 0.000760562 -0.00785824)
(0.922267 0.0261545 -0.019554)
(0.89627 0.0234238 -0.0189229)
(0.869886 0.0206185 -0.0181627)
(0.843222 0.0177692 -0.017264)
(0.816385 0.0149102 -0.0162187)
(0.789484 0.0120781 -0.0150209)
(0.762624 0.00931078 -0.0136665)
(0.735911 0.00664573 -0.0121543)
(0.709442 0.00411853 -0.0104853)
(0.683312 0.00176167 -0.00866364)
(0.932681 0.0271521 -0.0197301)
(0.906785 0.0244555 -0.0191416)
(0.880549 0.021682 -0.0184299)
(0.854068 0.0188599 -0.0175857)
(0.827437 0.0160209 -0.0166012)
(0.800754 0.0131991 -0.0154704)
(0.774114 0.0104304 -0.0141888)
(0.747613 0.0077502 -0.0127544)
(0.721339 0.00519299 -0.0111674)
(0.69538 0.00279054 -0.00943046)
(0.943088 0.0281369 -0.0198917)
(0.917296 0.0254771 -0.0193443)
(0.891211 0.0227386 -0.0186791)
(0.864914 0.0199472 -0.0178873)
(0.838491 0.0171321 -0.0169614)
(0.812027 0.0143253 -0.0158951)
(0.785607 0.01156 -0.0146835)
(0.759316 0.00886998 -0.0133241)
(0.733235 0.00628826 -0.011816)
(0.70744 0.00384582 -0.0101608)
(0.953493 0.0291087 -0.0200393)
(0.927809 0.0264883 -0.0195314)
(0.901877 0.0237876 -0.018911)
(0.875767 0.0210303 -0.0181698)
(0.849554 0.0182431 -0.0173002)
(0.823311 0.0154555 -0.0162959)
(0.797112 0.0126985 -0.0151519)
(0.771032 0.0100039 -0.0138647)
(0.745141 0.00740317 -0.0124328)
(0.719507 0.00492628 -0.0108564)
(0.9639 0.0300673 -0.0201735)
(0.938328 0.0274886 -0.0197037)
(0.912552 0.0248286 -0.0191264)
(0.886633 0.0221086 -0.0184337)
(0.860632 0.019353 -0.0176184)
(0.834612 0.0165889 -0.0166738)
(0.808636 0.013845 -0.0155949)
(0.782768 0.0111509 -0.0143775)
(0.757067 0.00853657 -0.0130191)
(0.731592 0.00603078 -0.011519)
(0.974313 0.0310124 -0.0202948)
(0.948856 0.0284776 -0.0198616)
(0.92324 0.0258608 -0.0193258)
(0.897515 0.0231812 -0.0186799)
(0.87173 0.0204609 -0.0179166)
(0.845937 0.0177245 -0.0170297)
(0.820187 0.0149983 -0.0160134)
(0.794533 0.0123099 -0.0148634)
(0.769024 0.00968735 -0.0135762)
(0.743709 0.00715821 -0.0121499)
(0.984736 0.0319438 -0.0204036)
(0.959397 0.029455 -0.0200058)
(0.933945 0.0268839 -0.0195099)
(0.908418 0.0242477 -0.0189088)
(0.882854 0.0215661 -0.0181957)
(0.857291 0.0188613 -0.0173641)
(0.831772 0.0161574 -0.0164084)
(0.806335 0.0134797 -0.0153234)
(0.781021 0.0108544 -0.0141051)
(0.755868 0.00830751 -0.0127504)
(0.995172 0.0328612 -0.0205005)
(0.969955 0.0304203 -0.0201365)
(0.944672 0.0278973 -0.019679)
(0.919347 0.0253071 -0.0191211)
(0.894007 0.0226676 -0.0184562)
(0.868681 0.0199984 -0.017678)
(0.843396 0.0173212 -0.0167805)
(0.818181 0.0146593 -0.0157583)
(0.793066 0.0120366 -0.0146067)
(0.76808 0.00947759 -0.0133216)
(0.947425 0.0301349 -0.0206694)
(0.927732 0.0281301 -0.0203689)
(0.90799 0.0260803 -0.020008)
(0.888199 0.0239925 -0.0195824)
(0.868355 0.0218747 -0.0190878)
(0.848459 0.0197354 -0.0185197)
(0.828508 0.0175842 -0.0178734)
(0.808501 0.0154312 -0.0171441)
(0.788437 0.0132873 -0.0163272)
(0.768315 0.011164 -0.0154177)
(0.941768 0.029502 -0.0205542)
(0.922423 0.0275259 -0.0202425)
(0.903029 0.0255078 -0.0198719)
(0.883584 0.0234544 -0.0194382)
(0.864085 0.0213733 -0.0189373)
(0.84453 0.0192727 -0.0183646)
(0.824915 0.0171617 -0.0177158)
(0.80524 0.0150498 -0.0169861)
(0.785501 0.0129474 -0.0161709)
(0.765698 0.0108655 -0.0152652)
(0.933417 0.0285842 -0.0203889)
(0.914569 0.026649 -0.0200614)
(0.895671 0.0246759 -0.019677)
(0.876719 0.0226712 -0.0192316)
(0.857709 0.020642 -0.0187212)
(0.838639 0.018596 -0.0181416)
(0.819504 0.0165417 -0.0174884)
(0.800302 0.014488 -0.0167571)
(0.781029 0.0124445 -0.0159432)
(0.761683 0.0104215 -0.0150418)
(0.922458 0.0273859 -0.0201635)
(0.904252 0.0255049 -0.0198168)
(0.885992 0.0235909 -0.0194154)
(0.867674 0.0216499 -0.0189557)
(0.849294 0.0196882 -0.0184337)
(0.830847 0.0177131 -0.0178456)
(0.81233 0.015732 -0.0171871)
(0.793738 0.0137533 -0.0164539)
(0.775066 0.0117857 -0.0156416)
(0.756311 0.0098386 -0.0147456)
(0.908999 0.0259133 -0.0198654)
(0.891571 0.0241013 -0.0194972)
(0.874086 0.0222618 -0.019077)
(0.856537 0.0204001 -0.0186015)
(0.838921 0.0185221 -0.0180671)
(0.821231 0.0166339 -0.01747)
(0.803462 0.0147426 -0.0168063)
(0.78561 0.0128553 -0.0160719)
(0.767668 0.01098 -0.0152626)
(0.749632 0.00912509 -0.014374)
(0.893165 0.0241761 -0.0194796)
(0.876647 0.0224492 -0.019089)
(0.860065 0.0207005 -0.0186498)
(0.843414 0.0189345 -0.0181586)
(0.826687 0.0171563 -0.0176121)
(0.809878 0.0153715 -0.017007)
(0.792981 0.0135859 -0.0163395)
(0.775991 0.011806 -0.0156058)
(0.758901 0.0100386 -0.014802)
(0.741705 0.00829103 -0.0139239)
(0.875105 0.0221885 -0.0189886)
(0.859617 0.020564 -0.0185768)
(0.844058 0.0189229 -0.0181198)
(0.828422 0.0172693 -0.0176147)
(0.812701 0.0156073 -0.0170584)
(0.796889 0.0139416 -0.0164477)
(0.78098 0.0122772 -0.0157794)
(0.764965 0.0106195 -0.0150497)
(0.748839 0.00897449 -0.0142551)
(0.732595 0.00734834 -0.0133917)
(0.854984 0.0199708 -0.0183735)
(0.840637 0.0184664 -0.0179435)
(0.82621 0.0169501 -0.0174721)
(0.811696 0.0154252 -0.0169567)
(0.797088 0.013895 -0.0163945)
(0.782379 0.0123634 -0.0157826)
(0.76756 0.0108345 -0.0151179)
(0.752625 0.00931273 -0.0143972)
(0.737567 0.00780302 -0.0136169)
(0.722378 0.00631065 -0.0127735)
(0.832985 0.0175508 -0.0176137)
(0.819876 0.0161838 -0.0171709)
(0.806677 0.0148086 -0.0166907)
(0.793382 0.0134277 -0.0161708)
(0.779981 0.0120437 -0.0156087)
(0.766468 0.0106596 -0.0150017)
(0.752835 0.0092788 -0.014347)
(0.739073 0.00790476 -0.0136416)
(0.725175 0.00654149 -0.0128823)
(0.711135 0.0051933 -0.0120658)
(0.809303 0.0149644 -0.0166885)
(0.797517 0.0137505 -0.0162407)
(0.785631 0.0125309 -0.0157596)
(0.773636 0.0113074 -0.0152433)
(0.761525 0.0100818 -0.0146892)
(0.74929 0.00885656 -0.0140952)
(0.736923 0.00763409 -0.0134585)
(0.724416 0.00641722 -0.0127765)
(0.711761 0.00520908 -0.0120462)
(0.698951 0.00401314 -0.0112647)
(0.851476 0.0202333 -0.0189156)
(0.836717 0.0186541 -0.0184463)
(0.821881 0.0170632 -0.0179299)
(0.806972 0.0154651 -0.0173642)
(0.791992 0.013865 -0.0167471)
(0.776943 0.0122683 -0.0160761)
(0.761827 0.0106806 -0.0153492)
(0.746649 0.00910792 -0.0145641)
(0.731411 0.00755641 -0.0137186)
(0.716118 0.00603251 -0.0128108)
(0.873023 0.022548 -0.0194911)
(0.857103 0.0208484 -0.0190507)
(0.841113 0.0191316 -0.018559)
(0.825054 0.0174028 -0.0180135)
(0.808929 0.0156681 -0.0174115)
(0.792741 0.0139337 -0.0167504)
(0.776492 0.0122062 -0.0160276)
(0.760186 0.0104926 -0.0152405)
(0.743827 0.00880007 -0.0143867)
(0.727419 0.00713627 -0.0134636)
(0.892125 0.0245854 -0.0199245)
(0.875184 0.0227873 -0.0195148)
(0.858177 0.020966 -0.0190504)
(0.841106 0.0191274 -0.0185282)
(0.823974 0.0172782 -0.0179452)
(0.806782 0.0154254 -0.0172985)
(0.789534 0.0135766 -0.016585)
(0.772233 0.0117396 -0.0158018)
(0.754885 0.00992288 -0.014946)
(0.737491 0.00813493 -0.0140147)
(0.908669 0.0263303 -0.0202432)
(0.890852 0.0244542 -0.0198635)
(0.872972 0.0225488 -0.0194261)
(0.855031 0.0206206 -0.0189279)
(0.837032 0.0186768 -0.0183653)
(0.818978 0.0167253 -0.0177352)
(0.800871 0.0147743 -0.0170339)
(0.782715 0.0128326 -0.0162583)
(0.764513 0.0109095 -0.015405)
(0.74627 0.00901456 -0.0144708)
(0.922561 0.027775 -0.0204703)
(0.904015 0.0258392 -0.0201177)
(0.88541 0.0238684 -0.0197053)
(0.866747 0.0218698 -0.0192297)
(0.848028 0.0198508 -0.018687)
(0.829257 0.0178199 -0.0180736)
(0.810435 0.0157859 -0.0173857)
(0.791566 0.0137585 -0.0166195)
(0.772654 0.0117476 -0.0157715)
(0.753702 0.0097637 -0.0148378)
(0.933727 0.0289163 -0.0206245)
(0.914603 0.0269372 -0.0202948)
(0.895423 0.0249183 -0.0199039)
(0.876188 0.022867 -0.019448)
(0.856899 0.0207911 -0.0189231)
(0.83756 0.0186994 -0.0183251)
(0.818172 0.0166015 -0.0176499)
(0.798737 0.0145072 -0.0168936)
(0.77926 0.0124275 -0.0160521)
(0.759743 0.0103733 -0.0151214)
(0.942112 0.0297548 -0.0207203)
(0.922564 0.0277468 -0.0204082)
(0.902962 0.0256953 -0.0200342)
(0.883307 0.0236076 -0.019594)
(0.863601 0.0214921 -0.0190836)
(0.843844 0.0193576 -0.0184986)
(0.82404 0.0172141 -0.0178346)
(0.804189 0.0150719 -0.0170875)
(0.784295 0.0129422 -0.0162527)
(0.764361 0.0108366 -0.0153261)
(0.94768 0.0302928 -0.020768)
(0.927862 0.0282686 -0.0204678)
(0.907993 0.0261985 -0.0201053)
(0.888073 0.0240898 -0.0196763)
(0.868102 0.0219509 -0.0191764)
(0.848082 0.0197908 -0.0186011)
(0.828013 0.0176196 -0.017946)
(0.807898 0.0154479 -0.0172064)
(0.787737 0.013287 -0.0163779)
(0.767533 0.011149 -0.0154559)
(0.950416 0.0305333 -0.0207741)
(0.930484 0.0285047 -0.0204797)
(0.910503 0.0264289 -0.0201233)
(0.890472 0.0243135 -0.0197004)
(0.870391 0.0221667 -0.0192066)
(0.85026 0.0199976 -0.0186375)
(0.830079 0.0178161 -0.0179882)
(0.80985 0.0156329 -0.0172543)
(0.789572 0.0134595 -0.0164309)
(0.769248 0.0113078 -0.0155133)
(0.950323 0.0304796 -0.0207414)
(0.930433 0.0284575 -0.0204469)
(0.910495 0.0263886 -0.0200909)
(0.890507 0.0242802 -0.019669)
(0.870469 0.0221405 -0.019177)
(0.85038 0.0199784 -0.0186101)
(0.830239 0.0178036 -0.0179638)
(0.810046 0.0156268 -0.0172333)
(0.789802 0.0134591 -0.0164137)
(0.769506 0.0113125 -0.0155003)
(1.11729 0.0440241 -0.0215233)
(1.10475 0.0431982 -0.0215885)
(1.09214 0.0423339 -0.0216402)
(1.07946 0.0414306 -0.0216773)
(1.0667 0.0404877 -0.0216991)
(1.05387 0.0395048 -0.0217044)
(1.04097 0.0384816 -0.0216922)
(1.02799 0.037418 -0.0216614)
(1.01493 0.0363141 -0.0216108)
(1.00179 0.0351701 -0.021539)
(0.988566 0.0339866 -0.0214448)
(0.975262 0.0327642 -0.0213267)
(0.961874 0.0315039 -0.0211832)
(0.948402 0.0302068 -0.0210128)
(0.934845 0.0288746 -0.0208139)
(0.921203 0.0275088 -0.0205848)
(0.907476 0.0261117 -0.0203237)
(0.893664 0.0246854 -0.0200288)
(0.879768 0.0232326 -0.0196983)
(0.865787 0.0217564 -0.0193302)
(1.14008 0.0457067 -0.0213522)
(1.12753 0.0449292 -0.0214402)
(1.11491 0.0441136 -0.0215159)
(1.10221 0.0432589 -0.0215784)
(1.08944 0.0423643 -0.0216269)
(1.07659 0.0414292 -0.0216605)
(1.06367 0.0404531 -0.021678)
(1.05066 0.0394354 -0.0216785)
(1.03758 0.0383761 -0.0216608)
(1.02441 0.0372751 -0.0216237)
(1.01115 0.0361325 -0.0215657)
(0.997814 0.0349488 -0.0214858)
(0.984388 0.0337246 -0.0213822)
(0.970875 0.0324606 -0.0212536)
(0.957275 0.0311581 -0.0210984)
(0.943586 0.0298185 -0.0209149)
(0.929809 0.0284435 -0.0207014)
(0.915944 0.027035 -0.0204561)
(0.901991 0.0255954 -0.0201772)
(0.887951 0.0241274 -0.0198627)
(1.16246 0.047273 -0.0211472)
(1.1498 0.0465363 -0.0212563)
(1.13707 0.0457613 -0.0213541)
(1.12426 0.044947 -0.0214398)
(1.11137 0.0440924 -0.0215126)
(1.0984 0.0431965 -0.0215715)
(1.08535 0.0422585 -0.0216156)
(1.07221 0.0412779 -0.0216438)
(1.059 0.040254 -0.0216549)
(1.04569 0.0391867 -0.0216478)
(1.0323 0.0380758 -0.0216213)
(1.01881 0.0369213 -0.0215739)
(1.00524 0.0357236 -0.0215042)
(0.991576 0.0344833 -0.0214109)
(0.97782 0.0332012 -0.0212921)
(0.963972 0.0318784 -0.0211464)
(0.950031 0.0305164 -0.020972)
(0.935998 0.0291169 -0.020767)
(0.921874 0.0276819 -0.0205297)
(0.907658 0.0262138 -0.0202579)
(1.18444 0.0487287 -0.0209142)
(1.17156 0.048025 -0.0210436)
(1.15861 0.0472827 -0.0211625)
(1.14558 0.0465007 -0.0212701)
(1.13246 0.0456775 -0.0213655)
(1.11926 0.0448121 -0.0214478)
(1.10598 0.0439033 -0.0215162)
(1.09261 0.0429504 -0.0215694)
(1.07914 0.0419525 -0.0216064)
(1.06559 0.040909 -0.021626)
(1.05194 0.0398196 -0.021627)
(1.0382 0.038684 -0.021608)
(1.02436 0.0375024 -0.0215675)
(1.01043 0.0362749 -0.021504)
(0.9964 0.0350022 -0.0214159)
(0.982274 0.0336852 -0.0213015)
(0.968049 0.0323251 -0.021159)
(0.953728 0.0309233 -0.0209866)
(0.939309 0.0294818 -0.0207823)
(0.924794 0.0280029 -0.020544)
(1.20602 0.0500798 -0.0206582)
(1.19282 0.0494017 -0.0208079)
(1.17954 0.0486846 -0.0209476)
(1.16618 0.0479268 -0.0210764)
(1.15272 0.0471268 -0.0211936)
(1.13918 0.0462832 -0.0212983)
(1.12554 0.0453947 -0.0213895)
(1.11181 0.0444601 -0.021466)
(1.09799 0.0434784 -0.0215269)
(1.08407 0.0424487 -0.0215708)
(1.07005 0.0413702 -0.0215965)
(1.05593 0.0402426 -0.0216026)
(1.0417 0.0390657 -0.0215875)
(1.02738 0.0378394 -0.0215497)
(1.01295 0.0365641 -0.0214874)
(0.998421 0.0352406 -0.021399)
(0.983787 0.0338697 -0.0212825)
(0.96905 0.0324529 -0.021136)
(0.95421 0.0309919 -0.0209573)
(0.939268 0.0294889 -0.0207445)
(1.22723 0.0513329 -0.0203838)
(1.21359 0.0506735 -0.0205542)
(1.19986 0.0499741 -0.0207148)
(1.18605 0.049233 -0.020865)
(1.17214 0.0484482 -0.0210039)
(1.15813 0.0476181 -0.0211305)
(1.14402 0.0467411 -0.0212439)
(1.12982 0.0458156 -0.0213428)
(1.11551 0.0448403 -0.0214263)
(1.10109 0.0438141 -0.0214929)
(1.08658 0.0427359 -0.0215413)
(1.07195 0.041605 -0.02157)
(1.05722 0.040421 -0.0215774)
(1.04237 0.0391836 -0.0215619)
(1.02742 0.0378929 -0.0215217)
(1.01236 0.0365494 -0.0214548)
(0.997183 0.035154 -0.0213591)
(0.9819 0.033708 -0.0212327)
(0.966506 0.0322129 -0.0210732)
(0.951005 0.0306711 -0.0208783)
(1.24807 0.0524947 -0.0200943)
(1.23387 0.0518474 -0.0202864)
(1.21958 0.0511589 -0.020469)
(1.20519 0.0504272 -0.0206411)
(1.1907 0.04965 -0.0208021)
(1.17611 0.0488254 -0.0209508)
(1.16141 0.0479514 -0.0210863)
(1.1466 0.047026 -0.0212073)
(1.13168 0.0460477 -0.0213127)
(1.11665 0.0450148 -0.021401)
(1.10151 0.0439261 -0.0214708)
(1.08625 0.0427805 -0.0215204)
(1.07087 0.0415773 -0.0215482)
(1.05538 0.0403159 -0.0215523)
(1.03977 0.0389964 -0.0215308)
(1.02404 0.0376189 -0.0214815)
(1.00819 0.0361842 -0.0214022)
(0.992229 0.0346935 -0.0212905)
(0.976147 0.0331486 -0.0211441)
(0.95995 0.0315517 -0.0209603)
(1.26856 0.053572 -0.019793)
(1.25368 0.0529305 -0.0200082)
(1.2387 0.0522466 -0.0202139)
(1.22362 0.0515175 -0.0204091)
(1.20842 0.0507408 -0.0205931)
(1.19312 0.0499141 -0.0207646)
(1.1777 0.0490349 -0.0209226)
(1.16216 0.048101 -0.0210659)
(1.1465 0.0471103 -0.021193)
(1.13073 0.0460608 -0.0213026)
(1.11483 0.0449509 -0.0213928)
(1.0988 0.0437791 -0.0214621)
(1.08265 0.0425443 -0.0215085)
(1.06638 0.0412459 -0.0215299)
(1.04998 0.0398834 -0.0215242)
(1.03345 0.038457 -0.021489)
(1.01679 0.0369674 -0.0214218)
(1.00001 0.0354159 -0.02132)
(0.983099 0.0338041 -0.0211807)
(0.966069 0.0321347 -0.0210011)
(1.28871 0.0545715 -0.0194823)
(1.27303 0.0539301 -0.0197224)
(1.25723 0.0532446 -0.0199528)
(1.24133 0.0525119 -0.0201726)
(1.2253 0.0517291 -0.0203808)
(1.20916 0.0508931 -0.0205762)
(1.19289 0.0500011 -0.0207576)
(1.17649 0.0490503 -0.0209236)
(1.15997 0.0480382 -0.0210728)
(1.14332 0.0469623 -0.0212034)
(1.12653 0.0458204 -0.0213137)
(1.10961 0.0446108 -0.0214016)
(1.09255 0.0433319 -0.0214652)
(1.07536 0.0419828 -0.0215019)
(1.05803 0.0405628 -0.0215094)
(1.04056 0.039072 -0.0214849)
(1.02296 0.0375111 -0.0214256)
(1.00522 0.0358814 -0.0213284)
(0.987347 0.0341848 -0.0211902)
(0.969346 0.0324243 -0.0210075)
(1.30853 0.0554998 -0.0191642)
(1.29192 0.0548531 -0.0194313)
(1.27519 0.0541604 -0.0196884)
(1.25833 0.0534182 -0.0199345)
(1.24135 0.0526229 -0.0201685)
(1.22424 0.051771 -0.0203891)
(1.20699 0.0508589 -0.020595)
(1.18961 0.0498833 -0.0207846)
(1.17209 0.048841 -0.0209563)
(1.15442 0.047729 -0.0211082)
(1.13662 0.0465446 -0.0212381)
(1.11866 0.0452854 -0.021344)
(1.10056 0.0439496 -0.0214233)
(1.08232 0.0425358 -0.0214734)
(1.06392 0.0410433 -0.0214913)
(1.04538 0.0394719 -0.0214741)
(1.0267 0.0378224 -0.0214182)
(1.00787 0.0360962 -0.0213203)
(0.988894 0.0342958 -0.0211764)
(0.969784 0.0324247 -0.0209828)
(1.32735 0.0563324 -0.0188519)
(1.31019 0.0556947 -0.0191395)
(1.29292 0.0550116 -0.0194173)
(1.27551 0.0542791 -0.0196842)
(1.25797 0.0534934 -0.0199391)
(1.2403 0.0526505 -0.0201808)
(1.22249 0.0517465 -0.0204078)
(1.20453 0.0507775 -0.0206186)
(1.18643 0.04974 -0.0208114)
(1.16818 0.0486303 -0.0209844)
(1.14979 0.0474454 -0.0211353)
(1.13124 0.0461824 -0.0212618)
(1.11254 0.0448391 -0.0213613)
(1.09368 0.0434134 -0.0214311)
(1.07468 0.0419044 -0.021468)
(1.05552 0.0403116 -0.0214689)
(1.03621 0.0386355 -0.02143)
(1.01675 0.0368772 -0.0213477)
(0.997145 0.0350393 -0.021218)
(0.977399 0.0331252 -0.0210365)
(1.3454 0.0570894 -0.0185435)
(1.32816 0.0564754 -0.0188436)
(1.31079 0.0558189 -0.0191346)
(1.29328 0.0551158 -0.0194153)
(1.27565 0.0543623 -0.0196849)
(1.25788 0.0535543 -0.019942)
(1.23997 0.0526876 -0.0201855)
(1.22192 0.0517585 -0.0204138)
(1.20372 0.0507628 -0.0206252)
(1.18537 0.0496969 -0.020818)
(1.16688 0.0485573 -0.02099)
(1.14823 0.0473409 -0.0211392)
(1.12943 0.0460447 -0.0212629)
(1.11047 0.0446666 -0.0213585)
(1.09136 0.0432049 -0.021423)
(1.0721 0.0416585 -0.0214534)
(1.05269 0.0400272 -0.0214461)
(1.03313 0.0383118 -0.0213974)
(1.01342 0.0365139 -0.0213035)
(0.993568 0.0346363 -0.0211602)
(1.36327 0.057802 -0.0182307)
(1.34593 0.0572087 -0.0185428)
(1.32846 0.0565757 -0.0188463)
(1.31086 0.0558992 -0.0191402)
(1.29313 0.0551749 -0.0194236)
(1.27526 0.054399 -0.0196954)
(1.25725 0.0535672 -0.0199544)
(1.2391 0.0526755 -0.0201991)
(1.22081 0.0517196 -0.0204281)
(1.20236 0.0506956 -0.0206394)
(1.18376 0.0495999 -0.0208313)
(1.16501 0.0484287 -0.0210016)
(1.14611 0.047179 -0.0211478)
(1.12705 0.0458481 -0.0212676)
(1.10784 0.0444336 -0.021358)
(1.08848 0.0429342 -0.0214159)
(1.06896 0.041349 -0.0214381)
(1.0493 0.039678 -0.0214209)
(1.02949 0.0379222 -0.0213607)
(1.00953 0.0360838 -0.0212532)
(1.38095 0.0584743 -0.0179142)
(1.36351 0.0578988 -0.0182378)
(1.34595 0.0572865 -0.0185532)
(1.32825 0.0566335 -0.0188597)
(1.31042 0.0559357 -0.0191563)
(1.29246 0.0551892 -0.0194421)
(1.27435 0.0543896 -0.0197157)
(1.2561 0.0535328 -0.019976)
(1.2377 0.0526144 -0.0202214)
(1.21916 0.0516304 -0.0204502)
(1.20046 0.0505767 -0.0206607)
(1.18161 0.0494495 -0.0208508)
(1.1626 0.0482452 -0.0210183)
(1.14344 0.0469607 -0.0211607)
(1.12413 0.0455933 -0.0212752)
(1.10467 0.0441411 -0.021359)
(1.08505 0.0426026 -0.0214088)
(1.06528 0.0409772 -0.0214212)
(1.04536 0.0392653 -0.0213924)
(1.0253 0.0374683 -0.0213186)
(1.39845 0.0591105 -0.0175943)
(1.38092 0.0585499 -0.0179289)
(1.36326 0.0579553 -0.0182559)
(1.34547 0.057323 -0.0185745)
(1.32754 0.056649 -0.0188838)
(1.30948 0.0559291 -0.0191828)
(1.29127 0.0551591 -0.0194704)
(1.27292 0.0543347 -0.0197454)
(1.25442 0.0534515 -0.0200064)
(1.23577 0.0525052 -0.0202518)
(1.21698 0.0514917 -0.0204798)
(1.19802 0.0504067 -0.0206886)
(1.17892 0.0492465 -0.020876)
(1.15966 0.0480076 -0.0210396)
(1.14024 0.0466868 -0.0211768)
(1.12067 0.0452816 -0.0212848)
(1.10095 0.0437902 -0.0213605)
(1.08108 0.0422113 -0.0214006)
(1.06106 0.0405446 -0.0214015)
(1.04089 0.0387909 -0.0213593)
(1.41579 0.0597143 -0.0172714)
(1.39816 0.0591659 -0.0176167)
(1.38041 0.0585863 -0.0179549)
(1.36252 0.057972 -0.0182851)
(1.34449 0.0573188 -0.0186065)
(1.32633 0.0566228 -0.0189183)
(1.30802 0.0558798 -0.0192193)
(1.28957 0.0550852 -0.0195083)
(1.27098 0.0542348 -0.0197841)
(1.25223 0.0533241 -0.0200452)
(1.23333 0.0523487 -0.0202898)
(1.21428 0.0513042 -0.0205162)
(1.19507 0.0501866 -0.0207223)
(1.17571 0.0489921 -0.0209059)
(1.15619 0.047717 -0.0210645)
(1.13652 0.0463585 -0.0211953)
(1.11669 0.0449142 -0.0212954)
(1.09672 0.0433822 -0.0213615)
(1.07659 0.0417617 -0.0213903)
(1.05632 0.0400528 -0.0213778)
(1.43297 0.0602894 -0.0169457)
(1.41525 0.0597505 -0.0173015)
(1.39739 0.0591833 -0.0176505)
(1.37941 0.0585842 -0.0179919)
(1.36128 0.0579493 -0.0183251)
(1.34302 0.0572746 -0.0186491)
(1.32462 0.0565558 -0.0189629)
(1.30607 0.0557885 -0.0192653)
(1.28737 0.0549684 -0.0195553)
(1.26852 0.0540909 -0.0198312)
(1.24952 0.0531515 -0.0200916)
(1.23037 0.0521456 -0.0203348)
(1.21106 0.051069 -0.0205586)
(1.1916 0.0499174 -0.0207611)
(1.17198 0.0486871 -0.0209398)
(1.15221 0.0473746 -0.021092)
(1.13228 0.0459771 -0.0212151)
(1.1122 0.0444923 -0.0213057)
(1.09197 0.0429186 -0.0213607)
(1.0716 0.0412556 -0.0213763)
(1.45 0.0608391 -0.0166173)
(1.43218 0.0603073 -0.0169834)
(1.41423 0.05975 -0.0173429)
(1.39615 0.0591636 -0.0176953)
(1.37793 0.0585443 -0.0180398)
(1.35957 0.0578881 -0.0183756)
(1.34107 0.057191 -0.0187017)
(1.32242 0.0564486 -0.0190171)
(1.30362 0.0556563 -0.0193205)
(1.28468 0.0548097 -0.0196107)
(1.26558 0.053904 -0.0198862)
(1.24632 0.0529347 -0.0201452)
(1.22691 0.0518971 -0.0203858)
(1.20735 0.050787 -0.0206062)
(1.18763 0.0496002 -0.0208039)
(1.16776 0.0483328 -0.0209764)
(1.14773 0.0469816 -0.0211211)
(1.12755 0.0455438 -0.0212349)
(1.10722 0.0440174 -0.0213146)
(1.08674 0.042401 -0.0213566)
(1.46689 0.0613667 -0.0162864)
(1.44897 0.0608397 -0.0166624)
(1.43093 0.0602898 -0.0170323)
(1.41275 0.0597136 -0.0173953)
(1.39443 0.0591074 -0.0177508)
(1.37598 0.0584673 -0.0180981)
(1.35738 0.0577894 -0.0184361)
(1.33863 0.0570692 -0.0187639)
(1.31974 0.0563023 -0.0190804)
(1.30069 0.0554841 -0.0193843)
(1.28149 0.0546099 -0.019674)
(1.26214 0.053675 -0.0199482)
(1.24263 0.0526747 -0.0202049)
(1.22297 0.0516044 -0.0204422)
(1.20315 0.0504596 -0.0206579)
(1.18318 0.0492362 -0.0208496)
(1.16305 0.0479306 -0.0210148)
(1.14277 0.0465394 -0.0211504)
(1.12234 0.0450602 -0.0212535)
(1.10176 0.0434911 -0.0213205)
(1.48364 0.0618753 -0.015953)
(1.46563 0.0613509 -0.0163388)
(1.44749 0.0608061 -0.0167187)
(1.42921 0.0602377 -0.0170922)
(1.4108 0.0596422 -0.0174584)
(1.39225 0.0590158 -0.0178168)
(1.37355 0.0583544 -0.0181664)
(1.35471 0.057654 -0.0185062)
(1.33572 0.05691 -0.0188352)
(1.31658 0.0561179 -0.0191522)
(1.29728 0.0552729 -0.0194558)
(1.27783 0.0543703 -0.0197444)
(1.25823 0.0534052 -0.0200164)
(1.23847 0.0523728 -0.0202698)
(1.21855 0.0512685 -0.0205027)
(1.19848 0.0500879 -0.0207126)
(1.17825 0.0488268 -0.0208972)
(1.15787 0.0474817 -0.0210535)
(1.13734 0.0460495 -0.0211787)
(1.11666 0.0445278 -0.0212694)
(1.50026 0.0623676 -0.0156171)
(1.48216 0.0618437 -0.0160125)
(1.46392 0.0613019 -0.0164023)
(1.44555 0.0607392 -0.0167859)
(1.42705 0.060152 -0.0171627)
(1.4084 0.0595368 -0.0175319)
(1.38961 0.0588898 -0.0178927)
(1.37067 0.0582067 -0.0182442)
(1.35159 0.0574832 -0.0185853)
(1.33235 0.0567147 -0.0189149)
(1.31296 0.0558966 -0.0192317)
(1.29341 0.055024 -0.0195343)
(1.27371 0.054092 -0.0198209)
(1.25385 0.0530957 -0.0200898)
(1.23384 0.0520302 -0.020339)
(1.21367 0.0508908 -0.0205663)
(1.19335 0.0496732 -0.0207693)
(1.17287 0.0483733 -0.0209453)
(1.15224 0.0469876 -0.0210914)
(1.13147 0.0455133 -0.0212045)
(1.51676 0.0628462 -0.0152786)
(1.49856 0.062321 -0.0156835)
(1.48024 0.0617802 -0.0160829)
(1.46178 0.061221 -0.0164765)
(1.44318 0.06064 -0.0168635)
(1.42444 0.0600338 -0.0172433)
(1.40555 0.0593987 -0.0176151)
(1.38652 0.0587306 -0.0179779)
(1.36734 0.0580252 -0.0183308)
(1.34801 0.0572781 -0.0186727)
(1.32852 0.0564846 -0.0190023)
(1.30888 0.0556398 -0.0193182)
(1.28909 0.0547387 -0.0196189)
(1.26914 0.0537764 -0.0199026)
(1.24903 0.0527479 -0.0201674)
(1.22877 0.0516482 -0.0204112)
(1.20835 0.0504727 -0.0206318)
(1.18777 0.049217 -0.0208265)
(1.16705 0.0478772 -0.0209925)
(1.14618 0.0464499 -0.0211269)
(1.53314 0.0633138 -0.0149375)
(1.51486 0.0627854 -0.0153516)
(1.49644 0.0622437 -0.0157606)
(1.47789 0.061686 -0.016164)
(1.4592 0.0611091 -0.0165611)
(1.44036 0.0605098 -0.0169512)
(1.42139 0.0598844 -0.0173337)
(1.40226 0.059229 -0.0177075)
(1.38299 0.0585394 -0.0180719)
(1.36357 0.0578113 -0.0184257)
(1.34399 0.0570401 -0.0187676)
(1.32426 0.0562208 -0.0190964)
(1.30437 0.0553486 -0.0194106)
(1.28433 0.0544182 -0.0197085)
(1.26413 0.0534248 -0.0199883)
(1.24377 0.052363 -0.020248)
(1.22326 0.0512281 -0.0204853)
(1.20259 0.0500154 -0.0206979)
(1.18178 0.0487206 -0.0208829)
(1.16081 0.0473398 -0.0210375)
(1.54942 0.0637725 -0.0145937)
(1.53104 0.0632393 -0.015017)
(1.51253 0.062695 -0.0154353)
(1.49389 0.0621369 -0.0158483)
(1.47511 0.0615623 -0.0162552)
(1.45619 0.0609677 -0.0166555)
(1.43712 0.0603499 -0.0170484)
(1.41791 0.059705 -0.0174331)
(1.39855 0.059029 -0.0178086)
(1.37903 0.0583177 -0.0181739)
(1.35936 0.0575664 -0.0185279)
(1.33954 0.0567705 -0.0188692)
(1.31956 0.0559248 -0.0191964)
(1.29943 0.0550244 -0.019508)
(1.27914 0.054064 -0.0198023)
(1.25869 0.0530384 -0.0200771)
(1.23809 0.0519425 -0.0203305)
(1.21733 0.0507714 -0.02056)
(1.19643 0.0495205 -0.0207631)
(1.17537 0.0481855 -0.0209371)
(1.56559 0.0642244 -0.0142471)
(1.54713 0.063685 -0.0146794)
(1.52853 0.0631364 -0.015107)
(1.5098 0.0625764 -0.0155294)
(1.49093 0.062002 -0.015946)
(1.47192 0.0614103 -0.0163562)
(1.45277 0.0607981 -0.0167594)
(1.43346 0.0601616 -0.0171546)
(1.41401 0.0594971 -0.0175409)
(1.39441 0.0588003 -0.0179175)
(1.37465 0.0580668 -0.0182831)
(1.35474 0.0572918 -0.0186366)
(1.33468 0.0564706 -0.0189765)
(1.31445 0.0555979 -0.0193013)
(1.29407 0.0546686 -0.0196094)
(1.27354 0.0536772 -0.0198988)
(1.25285 0.0526187 -0.0201676)
(1.23201 0.0514877 -0.0204134)
(1.21101 0.0502794 -0.0206339)
(1.18987 0.0489893 -0.0208262)
(1.58166 0.0646717 -0.0138977)
(1.56311 0.0641246 -0.0143388)
(1.54443 0.0635703 -0.0147754)
(1.52562 0.0630066 -0.0152071)
(1.50666 0.0624308 -0.0156333)
(1.48756 0.0618402 -0.0160533)
(1.46832 0.0612316 -0.0164664)
(1.44893 0.0606016 -0.0168719)
(1.42939 0.0599464 -0.0172689)
(1.4097 0.059262 -0.0176565)
(1.38986 0.0585441 -0.0180334)
(1.36986 0.057788 -0.0183987)
(1.34971 0.056989 -0.0187508)
(1.32941 0.0561419 -0.0190885)
(1.30894 0.0552415 -0.0194099)
(1.28832 0.0542825 -0.0197134)
(1.26755 0.0532594 -0.019997)
(1.24662 0.052167 -0.0202585)
(1.22554 0.051 -0.0204956)
(1.20431 0.0497536 -0.0207056)
(1.59765 0.0651161 -0.0135453)
(1.57901 0.0645601 -0.0139951)
(1.56025 0.0639987 -0.0144407)
(1.54135 0.0634298 -0.0148815)
(1.5223 0.0628511 -0.015317)
(1.50312 0.0622598 -0.0157465)
(1.4838 0.061653 -0.0161695)
(1.46432 0.0610275 -0.0165851)
(1.4447 0.0603797 -0.0169925)
(1.42493 0.0597056 -0.0173908)
(1.405 0.0590012 -0.0177789)
(1.38492 0.0582619 -0.0181556)
(1.36468 0.0574829 -0.0185196)
(1.34429 0.0566593 -0.0188697)
(1.32375 0.0557858 -0.0192041)
(1.30304 0.0548571 -0.0195212)
(1.28219 0.0538676 -0.0198191)
(1.26118 0.0528119 -0.0200956)
(1.24002 0.0516846 -0.0203486)
(1.21871 0.0504807 -0.0205755)
(1.61355 0.0655593 -0.0131898)
(1.59483 0.0649932 -0.0136482)
(1.57598 0.0644235 -0.0141026)
(1.55699 0.0638481 -0.0145523)
(1.53787 0.0632649 -0.014997)
(1.5186 0.0626714 -0.015436)
(1.49919 0.0620648 -0.0158686)
(1.47964 0.061442 -0.0162941)
(1.45993 0.0607996 -0.0167117)
(1.44008 0.0601339 -0.0171205)
(1.42007 0.0594409 -0.0175193)
(1.39991 0.0587162 -0.0179072)
(1.37959 0.0579552 -0.0182829)
(1.35912 0.0571529 -0.018645)
(1.33849 0.0563042 -0.018992)
(1.31771 0.0554037 -0.0193222)
(1.29678 0.0544458 -0.0196339)
(1.27569 0.0534251 -0.0199249)
(1.25445 0.0523359 -0.0201932)
(1.23306 0.051173 -0.0204363)
(1.62937 0.0660028 -0.0128313)
(1.61057 0.0654257 -0.0132981)
(1.59163 0.0648465 -0.0137611)
(1.57257 0.0642634 -0.0142196)
(1.55336 0.0636744 -0.0146734)
(1.53401 0.0630772 -0.0151216)
(1.51452 0.0624691 -0.0155637)
(1.49489 0.0618473 -0.0159989)
(1.4751 0.0612086 -0.0164264)
(1.45517 0.0605493 -0.0168454)
(1.43508 0.0598658 -0.0172549)
(1.41484 0.0591537 -0.0176537)
(1.39444 0.0584085 -0.0180406)
(1.3739 0.0576255 -0.0184144)
(1.35319 0.0567994 -0.0187736)
(1.33233 0.055925 -0.0191166)
(1.31132 0.0549968 -0.0194416)
(1.29016 0.0540091 -0.0197467)
(1.26884 0.0529564 -0.0200297)
(1.24738 0.0518329 -0.0202885)
(1.64511 0.0664482 -0.0124696)
(1.62623 0.0658591 -0.0129447)
(1.60722 0.0652694 -0.0134161)
(1.58807 0.0646775 -0.0138833)
(1.56879 0.0640814 -0.0143459)
(1.54936 0.063479 -0.0148032)
(1.52979 0.062868 -0.0152546)
(1.51007 0.0622456 -0.0156993)
(1.49021 0.0616088 -0.0161366)
(1.4702 0.0609543 -0.0165656)
(1.45003 0.0602783 -0.0169854)
(1.42972 0.0595768 -0.0173949)
(1.40925 0.0588454 -0.0177928)
(1.38862 0.0580795 -0.0181781)
(1.36784 0.0572741 -0.0185491)
(1.34691 0.0564238 -0.0189044)
(1.32583 0.0555232 -0.0192424)
(1.30459 0.0545666 -0.019561)
(1.2832 0.0535484 -0.0198583)
(1.26166 0.0524627 -0.0201322)
(0.965064 0.0318742 -0.0208824)
(0.958708 0.0311796 -0.0207741)
(0.949657 0.0302037 -0.0206207)
(0.937998 0.028949 -0.0204117)
(0.923836 0.02742 -0.0201338)
(0.907298 0.0256244 -0.0197712)
(0.888532 0.0235749 -0.0193059)
(0.867704 0.0212901 -0.0187182)
(0.844997 0.0187965 -0.0179869)
(0.820613 0.0161292 -0.0170902)
(0.980624 0.0333514 -0.021027)
(0.973226 0.0325648 -0.0209229)
(0.963282 0.0315144 -0.0207784)
(0.950872 0.0302011 -0.0205827)
(0.936094 0.0286276 -0.0203225)
(0.91907 0.0267997 -0.0199824)
(0.899936 0.024728 -0.0195451)
(0.878852 0.0224289 -0.0189913)
(0.855991 0.0199263 -0.0183009)
(0.831543 0.0172527 -0.017453)
(0.995989 0.0347709 -0.0211416)
(0.987572 0.0339001 -0.0210449)
(0.976755 0.0327822 -0.0209115)
(0.963611 0.0314162 -0.0207306)
(0.948233 0.0298034 -0.0204891)
(0.930733 0.0279479 -0.020172)
(0.911241 0.0258582 -0.0197624)
(0.889908 0.0235488 -0.019242)
(0.866897 0.0210414 -0.0185914)
(0.842388 0.0183656 -0.0177907)
(1.01117 0.036133 -0.021229)
(1.00176 0.0351859 -0.0211425)
(0.990088 0.0340071 -0.0210222)
(0.976225 0.0325944 -0.0208574)
(0.960259 0.0309474 -0.0206353)
(0.942295 0.0290687 -0.0203414)
(0.922455 0.0269652 -0.0199593)
(0.900879 0.0246496 -0.0194717)
(0.877723 0.0221411 -0.0188598)
(0.853158 0.019467 -0.0181049)
(1.02619 0.0374384 -0.0212921)
(1.0158 0.0364227 -0.0212179)
(1.00329 0.0351897 -0.0211124)
(0.988725 0.033736 -0.0209648)
(0.972184 0.0320597 -0.0207627)
(0.953765 0.0301622 -0.020492)
(0.933584 0.028049 -0.0201373)
(0.911772 0.0257308 -0.0196817)
(0.888477 0.023225 -0.0191076)
(0.863858 0.0205564 -0.0183968)
(1.04105 0.0386882 -0.021333)
(1.02971 0.0376114 -0.0212732)
(1.01638 0.0363306 -0.0211838)
(1.00112 0.0348412 -0.0210542)
(0.984014 0.0331405 -0.0208725)
(0.965151 0.0312285 -0.0206252)
(0.944637 0.0291094 -0.0202975)
(0.922596 0.0267922 -0.0198732)
(0.899166 0.0242926 -0.0193358)
(0.874497 0.0216331 -0.0186679)
(1.05578 0.0398836 -0.021354)
(1.04349 0.0387529 -0.0213101)
(1.02935 0.0374305 -0.0212379)
(1.01342 0.0359108 -0.021127)
(0.995759 0.0341902 -0.0209661)
(0.97646 0.0322678 -0.0207421)
(0.955621 0.0301464 -0.020441)
(0.933357 0.0278338 -0.0200475)
(0.909796 0.0253437 -0.0195456)
(0.88508 0.0226968 -0.0189191)
(1.07037 0.041026 -0.0213568)
(1.05716 0.0398484 -0.0213302)
(1.04223 0.0384902 -0.021276)
(1.02563 0.0369453 -0.0211845)
(1.00743 0.0352092 -0.0210445)
(0.9877 0.0332802 -0.0208438)
(0.966542 0.03116 -0.0205689)
(0.944061 0.0288553 -0.0202054)
(0.920375 0.026378 -0.0197381)
(0.895615 0.0237469 -0.0191517)
(1.08485 0.0421171 -0.0213431)
(1.07073 0.040899 -0.0213348)
(1.05502 0.0395107 -0.0212995)
(1.03776 0.0379454 -0.0212277)
(1.01902 0.036198 -0.0211089)
(0.998878 0.0342661 -0.0209313)
(0.977409 0.0321505 -0.0206821)
(0.954715 0.0298567 -0.0203479)
(0.930908 0.0273953 -0.0199143)
(0.906108 0.0247832 -0.0193666)
(1.09923 0.0431584 -0.0213141)
(1.08421 0.0419062 -0.0213252)
(1.06772 0.0404931 -0.0213094)
(1.04982 0.0389119 -0.0212576)
(1.03056 0.0371572 -0.02116)
(1.01 0.0352259 -0.0210053)
(0.988227 0.0331181 -0.0207816)
(0.965326 0.0308382 -0.0204759)
(0.941402 0.0283956 -0.0200749)
(0.916565 0.0258053 -0.0195647)
(1.11351 0.0441518 -0.0212712)
(1.0976 0.0428713 -0.0213024)
(1.08036 0.0414384 -0.0213065)
(1.06182 0.0398457 -0.0212751)
(1.04204 0.0380873 -0.0211987)
(1.02108 0.0361599 -0.0210667)
(0.999002 0.0340629 -0.0208679)
(0.975899 0.0317997 -0.0205901)
(0.951862 0.0293786 -0.0202208)
(0.926992 0.0268131 -0.0197469)
(1.12771 0.0450993 -0.0212154)
(1.11092 0.0437959 -0.0212673)
(1.09293 0.0423478 -0.0212919)
(1.07376 0.0407475 -0.021281)
(1.05347 0.0389891 -0.0212258)
(1.03211 0.0370686 -0.0211163)
(1.00974 0.0349851 -0.0209419)
(0.98644 0.0327413 -0.0206913)
(0.962294 0.0303443 -0.0203527)
(0.937395 0.0278062 -0.0199139)
(1.14183 0.0460027 -0.0211476)
(1.12418 0.0446814 -0.0212208)
(1.10544 0.0432225 -0.0212661)
(1.08566 0.0416184 -0.0212759)
(1.06486 0.0398631 -0.0212418)
(1.0431 0.0379525 -0.0211545)
(1.02045 0.0358852 -0.0210042)
(0.996955 0.0336632 -0.0207801)
(0.972704 0.0312927 -0.0204713)
(0.947778 0.0287845 -0.0200664)
(1.15588 0.046864 -0.0210685)
(1.13737 0.0455295 -0.0211635)
(1.11791 0.0440637 -0.0212299)
(1.09751 0.0424593 -0.0212605)
(1.07621 0.0407102 -0.0212474)
(1.05407 0.0388121 -0.0211821)
(1.03113 0.0367634 -0.0210553)
(1.00745 0.0345656 -0.0208571)
(0.983095 0.0322239 -0.0205773)
(0.958146 0.0297479 -0.0202051)
(1.16988 0.0476853 -0.0209788)
(1.15052 0.0463417 -0.021096)
(1.13033 0.0448727 -0.0211837)
(1.10932 0.0432711 -0.0212352)
(1.08754 0.0415309 -0.0212431)
(1.06501 0.0396479 -0.0211995)
(1.04179 0.0376201 -0.0210958)
(1.01792 0.0354485 -0.0209228)
(0.993474 0.0331377 -0.0206711)
(0.968505 0.0306962 -0.0203307)
(1.18383 0.0484686 -0.020879)
(1.16363 0.0471196 -0.0210189)
(1.14271 0.0456507 -0.0211282)
(1.1211 0.0440548 -0.0212006)
(1.09883 0.0423261 -0.0212294)
(1.07593 0.0404604 -0.0212072)
(1.05243 0.0384555 -0.0211261)
(1.02839 0.0363122 -0.0209777)
(1.00384 0.0340343 -0.0207532)
(0.978859 0.0316293 -0.0204435)
(1.19774 0.0492159 -0.0207697)
(1.1767 0.0478649 -0.0209326)
(1.15506 0.046399 -0.0210636)
(1.13286 0.0448114 -0.021157)
(1.11011 0.0430965 -0.0212066)
(1.08683 0.0412502 -0.0212056)
(1.06306 0.0392702 -0.0211467)
(1.03884 0.0371569 -0.0210223)
(1.01421 0.0349136 -0.0208242)
(0.989212 0.032547 -0.0205441)
(1.21161 0.0499294 -0.0206512)
(1.18973 0.0485792 -0.0208375)
(1.16739 0.0471189 -0.0209904)
(1.1446 0.045542 -0.0211049)
(1.12136 0.0438429 -0.0211751)
(1.09772 0.0420178 -0.021195)
(1.07368 0.0400643 -0.021158)
(1.04929 0.0379827 -0.0210569)
(1.02457 0.0357758 -0.0208845)
(0.999567 0.0334493 -0.0206331)
(1.22544 0.0506109 -0.0205239)
(1.20274 0.0492641 -0.0207338)
(1.1797 0.0478116 -0.0209089)
(1.15631 0.0462474 -0.0210444)
(1.13261 0.0445661 -0.0211353)
(1.1086 0.0427638 -0.0211758)
(1.0843 0.0408385 -0.0211602)
(1.05974 0.03879 -0.021082)
(1.03494 0.0366209 -0.0209345)
(1.00993 0.0343361 -0.0207108)
(1.23926 0.0512626 -0.0203879)
(1.21573 0.0499212 -0.0206219)
(1.19199 0.0484786 -0.0208193)
(1.16802 0.0469288 -0.020976)
(1.14385 0.0452667 -0.0210874)
(1.11947 0.0434888 -0.0211484)
(1.09492 0.041593 -0.0211538)
(1.07019 0.039579 -0.0210978)
(1.04531 0.0374489 -0.0209745)
(1.0203 0.0352073 -0.0207775)
)
;

boundaryField
{
    down
    {
        type            symmetryPlane;
    }
    right
    {
        type            zeroGradient;
    }
    up
    {
        type            symmetryPlane;
    }
    left
    {
        type            uniformFixedValue;
        uniformValue    constant (1 0 0);
        value           uniform (1 0 0);
    }
    cylinder
    {
        type            symmetry;
    }
    defaultFaces
    {
        type            empty;
    }
}


// ************************************************************************* //
