/*--------------------------------*- C++ -*----------------------------------*\
| =========                 |                                                 |
| \\      /  F ield         | OpenFOAM: The Open Source CFD Toolbox           |
|  \\    /   O peration     | Version:  2112                                  |
|   \\  /    A nd           | Website:  www.openfoam.com                      |
|    \\/     M anipulation  |                                                 |
\*---------------------------------------------------------------------------*/
FoamFile
{
    version     2.0;
    format      ascii;
    arch        "LSB;label=32;scalar=64";
    class       volVectorField;
    location    "0";
    object      U_nn;
}
// * * * * * * * * * * * * * * * * * * * * * * * * * * * * * * * * * * * * * //

dimensions      [0 1 -1 0 0 0 0];

internalField   nonuniform List<vector> 
2000
(
(0.972094 -0.826152 0.0112946)
(1.0021 -0.71962 0.00954935)
(1.02308 -0.626331 0.0070111)
(1.03836 -0.547131 0.00415024)
(1.04999 -0.48081 0.0013044)
(1.05909 -0.425252 -0.00129814)
(1.06621 -0.378218 -0.00351573)
(1.07155 -0.337755 -0.00527325)
(1.07516 -0.302346 -0.00654481)
(1.07704 -0.270896 -0.00733891)
(1.04082 -0.799305 0.0112955)
(1.07142 -0.702361 0.00966248)
(1.09151 -0.616824 0.00724531)
(1.10462 -0.543414 0.00449537)
(1.11309 -0.481109 0.00173582)
(1.11833 -0.428128 -0.000815975)
(1.1212 -0.3826 -0.00302559)
(1.12213 -0.3429 -0.00482126)
(1.1214 -0.307772 -0.00617654)
(1.11917 -0.276308 -0.00709614)
(1.10755 -0.763305 0.011548)
(1.13935 -0.675029 0.0100786)
(1.15915 -0.59661 0.00781494)
(1.17065 -0.528688 0.00519167)
(1.17647 -0.470417 0.00252059)
(1.17832 -0.420312 1.1531e-05)
(1.17731 -0.376808 -0.00220524)
(1.17415 -0.338545 -0.00405877)
(1.16931 -0.304468 -0.00552044)
(1.1631 -0.273807 -0.00659026)
(1.17123 -0.716543 0.0120604)
(1.20477 -0.635974 0.0108102)
(1.22479 -0.564046 0.00873929)
(1.23521 -0.501332 0.0062669)
(1.23886 -0.447142 0.00369601)
(1.23776 -0.400234 0.0012318)
(1.23328 -0.359287 -0.000996819)
(1.22637 -0.323144 -0.00291753)
(1.21768 -0.290894 -0.00449799)
(1.20769 -0.26186 -0.00573271)
(1.23058 -0.657788 0.0128245)
(1.26625 -0.583921 0.0118524)
(1.28691 -0.517857 0.010019)
(1.29663 -0.460094 0.00772905)
(1.29852 -0.410059 0.00527866)
(1.29484 -0.366694 0.00287083)
(1.28724 -0.328858 0.000635542)
(1.27688 -0.295534 -0.00135143)
(1.26463 -0.265901 -0.0030526)
(1.25109 -0.239332 -0.00445613)
(1.28417 -0.586319 0.0138114)
(1.32216 -0.51814 0.0131751)
(1.34368 -0.457341 0.011626)
(1.35294 -0.404323 0.00955413)
(1.3533 -0.358577 0.00724997)
(1.34729 -0.319164 0.00491656)
(1.33681 -0.285053 0.00268725)
(1.32326 -0.255301 0.000643242)
(1.30767 -0.229124 -0.00117129)
(1.29082 -0.205896 -0.00273728)
(1.3305 -0.502078 0.0149666)
(1.37077 -0.438616 0.014717)
(1.39313 -0.382575 0.0134947)
(1.40195 -0.334214 0.0116743)
(1.40083 -0.29302 0.00954181)
(1.39256 -0.258097 0.00730221)
(1.37931 -0.228447 0.00509444)
(1.36271 -0.203132 0.00300726)
(1.34397 -0.181342 0.00109312)
(1.32402 -0.162407 -0.000620548)
(1.36812 -0.405803 0.0162086)
(1.41036 -0.346221 0.0163812)
(1.43329 -0.294606 0.0155152)
(1.44147 -0.251013 0.0139694)
(1.4387 -0.214845 0.012026)
(1.42809 -0.185155 0.00989395)
(1.41206 -0.160888 0.00772022)
(1.39246 -0.141031 0.00560344)
(1.37071 -0.124684 0.00360627)
(1.34788 -0.111082 0.00176572)
(1.39571 -0.299129 0.0174307)
(1.43938 -0.242824 0.0180365)
(1.46242 -0.195569 0.0175343)
(1.46955 -0.157141 0.0162664)
(1.46483 -0.126748 0.0145129)
(1.45167 -0.103281 0.0124891)
(1.43277 -0.0855246 0.0103528)
(1.41022 -0.0722991 0.00821528)
(1.38565 -0.0625435 0.00615146)
(1.36024 -0.0553473 0.00420932)
(1.41231 -0.184618 0.018509)
(1.45669 -0.131311 0.0195263)
(1.47921 -0.088691 0.0193645)
(1.48476 -0.0561464 0.0183504)
(1.47772 -0.0325623 0.0167642)
(1.46179 -0.0165294 0.0148307)
(1.43998 -0.00654759 0.0127225)
(1.41464 -0.00117442 0.0105662)
(1.38756 0.000882215 0.00845126)
(1.36007 0.000719014 0.00643766)
(0.25679 -1.06656 0.0178577)
(0.305027 -0.817126 0.0187077)
(0.352772 -0.586317 0.0170806)
(0.402946 -0.390365 0.01383)
(0.456287 -0.23679 0.00967305)
(0.511801 -0.125801 0.00519634)
(0.567538 -0.0526362 0.000873033)
(0.621318 -0.00993572 -0.00293707)
(0.671261 0.0103342 -0.00599576)
(0.716068 0.0155709 -0.00818809)
(0.331321 -1.00867 0.0174864)
(0.376859 -0.774992 0.0175093)
(0.421927 -0.564316 0.0154052)
(0.469197 -0.389291 0.0119766)
(0.519175 -0.254413 0.00788111)
(0.570788 -0.157963 0.00364776)
(0.62215 -0.0944117 -0.000307892)
(0.67124 -0.056576 -0.0036838)
(0.716359 -0.037209 -0.00629468)
(0.756383 -0.0299732 -0.00806716)
(0.40451 -0.964878 0.0168188)
(0.447419 -0.747984 0.016228)
(0.489615 -0.556342 0.0138086)
(0.533589 -0.39953 0.0103115)
(0.579745 -0.279779 0.00634013)
(0.627049 -0.19417 0.00237115)
(0.673763 -0.136952 -0.00123245)
(0.718056 -0.101429 -0.00421903)
(0.758418 -0.0812319 -0.00644642)
(0.793871 -0.0710161 -0.0078722)
(0.476692 -0.932864 0.0159853)
(0.517041 -0.732797 0.0149466)
(0.556198 -0.558589 0.0123304)
(0.596554 -0.417321 0.00883855)
(0.638526 -0.309621 0.00502564)
(0.681213 -0.231929 0.00132031)
(0.723081 -0.178634 -0.00196137)
(0.762519 -0.143688 -0.00461059)
(0.798199 -0.121598 -0.00651933)
(0.829269 -0.107908 -0.0076673)
(0.548182 -0.910077 0.0150806)
(0.586078 -0.726273 0.0137223)
(0.62209 -0.567741 0.0109951)
(0.658601 -0.439616 0.00755591)
(0.696129 -0.341464 0.00391486)
(0.733977 -0.269482 0.000457394)
(0.770862 -0.218429 -0.00254146)
(0.805405 -0.182963 -0.00490845)
(0.836462 -0.158416 -0.00656186)
(0.863292 -0.141101 -0.00749652)
(0.619259 -0.893915 0.0141755)
(0.654871 -0.725487 0.0125969)
(0.68773 -0.580931 0.00982027)
(0.720276 -0.463921 0.00646155)
(0.753206 -0.373375 0.00299101)
(0.786078 -0.30553 -0.000244213)
(0.817888 -0.255631 -0.00300426)
(0.847506 -0.219047 -0.00514469)
(0.87397 -0.191849 -0.00660355)
(0.896649 -0.171008 -0.00738535)
(0.69014 -0.88182 0.0133251)
(0.723727 -0.727752 0.0116039)
(0.753532 -0.595647 0.00882171)
(0.782116 -0.488122 0.00555755)
(0.810405 -0.403757 0.00224638)
(0.838248 -0.339004 -0.000798005)
(0.864941 -0.28965 -0.00336517)
(0.889611 -0.251733 -0.00533356)
(0.911486 -0.221975 -0.00665555)
(0.930047 -0.197897 -0.00734126)
(0.76095 -0.871322 0.0125746)
(0.792869 -0.730581 0.0107732)
(0.819844 -0.609626 0.00801721)
(0.844598 -0.510332 0.00485284)
(0.868318 -0.431163 0.00168424)
(0.89117 -0.36889 -0.00120315)
(0.912759 -0.319848 -0.00362296)
(0.932479 -0.28068 -0.00547133)
(0.949756 -0.248671 -0.00671065)
(0.964187 -0.221801 -0.00735354)
(0.831686 -0.860047 0.0119633)
(0.862397 -0.731639 0.010134)
(0.886887 -0.620752 0.00742871)
(0.908071 -0.528762 0.00436476)
(0.927417 -0.454164 0.0013199)
(0.945414 -0.394097 -0.00144391)
(0.961983 -0.345417 -0.00375951)
(0.97679 -0.305307 -0.00553623)
(0.989464 -0.271528 -0.00674303)
(0.99973 -0.242435 -0.00739272)
(0.902187 -0.845716 0.0115261)
(0.932237 -0.728699 0.00971601)
(0.9547 -0.626988 0.00708304)
(0.972693 -0.541633 0.00411937)
(0.987974 -0.471254 0.00118069)
(1.00136 -0.413369 -0.00148998)
(1.01307 -0.365311 -0.00374022)
(1.02306 -0.324733 -0.00548878)
(1.03116 -0.289791 -0.00670834)
(1.03723 -0.259146 -0.00741021)
(0.754466 0.0124414 -0.00951238)
(0.786952 0.00515415 -0.010072)
(0.814173 -0.00389702 -0.00998606)
(0.836642 -0.012756 -0.00941138)
(0.85496 -0.0203048 -0.00850936)
(0.869716 -0.0259945 -0.00742951)
(0.881427 -0.0296293 -0.00629996)
(0.890532 -0.0312114 -0.00522339)
(0.897389 -0.0308382 -0.00427672)
(0.9023 -0.0286396 -0.00351315)
(0.905529 -0.0247416 -0.00296528)
(0.907312 -0.0192466 -0.00264872)
(0.907867 -0.0122254 -0.00256561)
(0.907391 -0.0037154 -0.00270783)
(0.906058 0.00627652 -0.00305982)
(0.904014 0.0177689 -0.0036008)
(0.901373 0.0307994 -0.00430656)
(0.898218 0.0454183 -0.00515079)
(0.894604 0.0616833 -0.00610596)
(0.890562 0.0796543 -0.00714395)
(0.789305 -0.0283135 -0.0090404)
(0.816086 -0.0293445 -0.00934315)
(0.83843 -0.0324841 -0.00907808)
(0.85678 -0.0361171 -0.00838568)
(0.871671 -0.0392663 -0.00741146)
(0.883627 -0.041395 -0.00629181)
(0.893102 -0.0422448 -0.00514515)
(0.900466 -0.0417176 -0.00406755)
(0.906006 -0.039797 -0.00313175)
(0.909951 -0.0365003 -0.00238832)
(0.912491 -0.0318505 -0.00186821)
(0.913793 -0.0258618 -0.00158579)
(0.914012 -0.0185314 -0.00154215)
(0.913294 -0.00983822 -0.00172808)
(0.91177 0.000257523 -0.00212682)
(0.909557 0.0118107 -0.00271632)
(0.906745 0.0248878 -0.00347102)
(0.903406 0.0395621 -0.00436323)
(0.899585 0.0559096 -0.00536407)
(0.895313 0.074005 -0.00644411)
(0.821723 -0.0644164 -0.00856446)
(0.843313 -0.0596237 -0.00866384)
(0.861247 -0.0574233 -0.00825535)
(0.875874 -0.056419 -0.00746522)
(0.887657 -0.0557081 -0.0064263)
(0.897059 -0.0547374 -0.00526532)
(0.90448 -0.0531807 -0.0040942)
(0.910231 -0.0508465 -0.00300514)
(0.914544 -0.0476165 -0.00206884)
(0.917584 -0.0434077 -0.00133491)
(0.919477 -0.0381508 -0.000833747)
(0.920329 -0.0317793 -0.000579234)
(0.920236 -0.0242227 -0.000571695)
(0.919295 -0.0154039 -0.000800863)
(0.917598 -0.00523843 -0.00124859)
(0.915226 0.00636477 -0.00189115)
(0.912251 0.0195013 -0.00270118)
(0.908728 0.0342685 -0.00364906)
(0.904696 0.0507621 -0.00470396)
(0.900181 0.069073 -0.00583456)
(0.852361 -0.0964769 -0.00813872)
(0.869132 -0.0863389 -0.00807619)
(0.883004 -0.0793143 -0.00755054)
(0.894211 -0.0741607 -0.00667569)
(0.903131 -0.0700178 -0.00557452)
(0.910166 -0.0663061 -0.00436691)
(0.915668 -0.0626347 -0.00316098)
(0.919904 -0.0587283 -0.00204746)
(0.923058 -0.0543775 -0.00109702)
(0.925241 -0.0494091 -0.000359878)
(0.926524 -0.0436694 0.00013295)
(0.926954 -0.037016 0.000367375)
(0.926574 -0.0293131 0.000343461)
(0.925431 -0.0204289 7.25029e-05)
(0.923575 -0.0102336 -0.000425736)
(0.921058 0.00140127 -0.00112548)
(0.917926 0.0146023 -0.00199698)
(0.91422 0.0294928 -0.00300806)
(0.909967 0.0461905 -0.00412531)
(0.905191 0.0648045 -0.00531481)
(0.881821 -0.12511 -0.0078002)
(0.894004 -0.110111 -0.00760972)
(0.904047 -0.0987131 -0.00698748)
(0.912045 -0.0898039 -0.00603684)
(0.918276 -0.0825572 -0.00487285)
(0.923077 -0.0763711 -0.0036109)
(0.926756 -0.070799 -0.00235764)
(0.929545 -0.0654931 -0.00120453)
(0.931586 -0.060164 -0.000224159)
(0.932948 -0.0545566 0.000531004)
(0.933649 -0.048438 0.00102809)
(0.933683 -0.0415928 0.00125198)
(0.93304 -0.0338205 0.00120268)
(0.931716 -0.0249331 0.000892453)
(0.929721 -0.0147532 0.000342886)
(0.927072 -0.00311215 -0.000417727)
(0.923791 0.0101507 -0.00135664)
(0.919899 0.0251881 -0.00243845)
(0.915416 0.0421427 -0.00362635)
(0.910358 0.0611447 -0.00488308)
(0.910693 -0.150856 -0.00757015)
(0.918367 -0.131487 -0.00728217)
(0.924699 -0.116117 -0.00658155)
(0.929608 -0.10377 -0.00556256)
(0.933255 -0.0936646 -0.00433413)
(0.935904 -0.0851914 -0.00300911)
(0.937818 -0.0778634 -0.00169472)
(0.939197 -0.0712742 -0.000485253)
(0.940152 -0.0650651 0.000542751)
(0.940713 -0.0589072 0.00133284)
(0.940853 -0.0524928 0.00184886)
(0.940513 -0.0455346 0.00207366)
(0.93963 -0.0377654 0.00200663)
(0.93815 -0.0289382 0.00166084)
(0.936037 -0.0188238 0.00105992)
(0.933273 -0.00720907 0.000235172)
(0.929851 0.00610547 -0.000776992)
(0.925774 0.0213063 -0.00193707)
(0.921048 0.0385657 -0.00320403)
(0.915685 0.0580388 -0.00453636)
(0.939563 -0.174103 -0.00745431)
(0.942655 -0.150902 -0.00709955)
(0.945269 -0.131946 -0.00633954)
(0.947119 -0.11643 -0.00526064)
(0.948222 -0.10365 -0.00396706)
(0.94875 -0.0930141 -0.00257068)
(0.948918 -0.0840159 -0.00118115)
(0.948895 -0.0762076 0.000102355)
(0.948767 -0.069175 0.00119726)
(0.948533 -0.0625234 0.00204115)
(0.948122 -0.0558744 0.00259292)
(0.947426 -0.0488686 0.00283211)
(0.946327 -0.0411695 0.00275677)
(0.944717 -0.032466 0.00238049)
(0.942512 -0.0224717 0.00172909)
(0.939652 -0.0109226 0.000837409)
(0.936102 0.00242585 -0.000253684)
(0.93184 0.0178 -0.00149968)
(0.92686 0.0354074 -0.00285425)
(0.921166 0.0554333 -0.00427059)
(0.969018 -0.195029 -0.00744256)
(0.967303 -0.168634 -0.0070557)
(0.966067 -0.146513 -0.00625902)
(0.964794 -0.128089 -0.00513215)
(0.963321 -0.112787 -0.00377566)
(0.961709 -0.100069 -0.00230175)
(0.960111 -0.089439 -0.000824136)
(0.958665 -0.0804314 0.000551134)
(0.957436 -0.0725923 0.00173322)
(0.956394 -0.0654721 0.00265149)
(0.955433 -0.0586264 0.00325791)
(0.954393 -0.0516239 0.00352715)
(0.953099 -0.0440548 0.00345484)
(0.951387 -0.0355378 0.00305466)
(0.949118 -0.0257217 0.00235471)
(0.946189 -0.0142838 0.00139389)
(0.942525 -0.000926727 0.000218388)
(0.938081 0.0146238 -0.00112119)
(0.932835 0.0326178 -0.00257207)
(0.926785 0.0532771 -0.00408088)
(0.999633 -0.213529 -0.00750805)
(0.992749 -0.184764 -0.00713128)
(0.987409 -0.159996 -0.00632741)
(0.982849 -0.138967 -0.00517052)
(0.978696 -0.121298 -0.00375849)
(0.974873 -0.106558 -0.00220482)
(0.971451 -0.0943051 -0.000628735)
(0.968532 -0.0840823 0.000854923)
(0.966158 -0.0754187 0.0021447)
(0.96428 -0.0678243 0.00315923)
(0.962755 -0.0607959 0.00384114)
(0.961375 -0.0538309 0.00415824)
(0.959907 -0.0464428 0.00410239)
(0.958122 -0.0381728 0.00368663)
(0.955823 -0.0285958 0.00294129)
(0.952851 -0.0173209 0.00190985)
(0.949093 -0.0039877 0.000644742)
(0.944473 0.0117353 -0.000796088)
(0.938949 0.03015 -0.00235201)
(0.932516 0.0515228 -0.00396172)
(1.03193 -0.229172 -0.00760643)
(1.01942 -0.199128 -0.00729288)
(1.00961 -0.172404 -0.00652093)
(1.0015 -0.149171 -0.00536051)
(0.994493 -0.129335 -0.00390761)
(0.988334 -0.112648 -0.00227786)
(0.982993 -0.0987686 -0.000597185)
(0.978519 -0.0872915 0.00100899)
(0.974935 -0.0777569 0.00242617)
(0.972172 -0.0696541 0.00355945)
(0.970056 -0.0624324 0.00433929)
(0.968333 -0.0555217 0.0047242)
(0.966707 -0.0483549 0.00470041)
(0.964879 -0.0403883 0.00427925)
(0.962584 -0.031113 0.0034931)
(0.959603 -0.020058 0.00239043)
(0.955774 -0.00678855 0.00103097)
(0.950984 0.0090963 -0.000518636)
(0.945173 0.0279615 -0.00218834)
(0.938326 0.0501278 -0.00390721)
(1.05932 -0.226849 -0.00766035)
(1.04257 -0.198775 -0.00724875)
(1.02907 -0.172972 -0.00638352)
(1.01787 -0.149979 -0.00513753)
(1.00832 -0.129992 -0.00360753)
(1.00012 -0.112978 -0.001909)
(0.993161 -0.0987458 -0.000168)
(0.987432 -0.086989 0.00148895)
(0.982905 -0.0773023 0.00294527)
(0.979468 -0.069196 0.00410335)
(0.976906 -0.0621141 0.00489099)
(0.974917 -0.0554611 0.00526472)
(0.973156 -0.0486313 0.00521006)
(0.971275 -0.0410344 0.00473923)
(0.968958 -0.0321114 0.00388702)
(0.965943 -0.0213413 0.00270572)
(0.962031 -0.00823981 0.00125995)
(0.957086 0.00764083 -0.000378099)
(0.951032 0.0267087 -0.00213253)
(0.943852 0.0493211 -0.00392651)
(1.07619 -0.208726 -0.00753253)
(1.05762 -0.184525 -0.00686547)
(1.0422 -0.161729 -0.00579117)
(1.0292 -0.141023 -0.00438919)
(1.01813 -0.122767 -0.00275802)
(1.00874 -0.107075 -0.00101058)
(1.0009 -0.0938796 0.000733074)
(0.994555 -0.0829659 0.00235456)
(0.989623 -0.0739916 0.0037463)
(0.985928 -0.0665081 0.00481948)
(0.983207 -0.0599847 0.00550977)
(0.981122 -0.0538399 0.00578031)
(0.979299 -0.0474737 0.0056219)
(0.977368 -0.0402948 0.00505081)
(0.974993 -0.0317377 0.00410489)
(0.971898 -0.0212703 0.00283877)
(0.967869 -0.0083946 0.00131886)
(0.962763 0.00735233 -0.00038125)
(0.956503 0.0263923 -0.00218447)
(0.949077 0.0490923 -0.004013)
(1.088 -0.189664 -0.0072418)
(1.06848 -0.169056 -0.0063648)
(1.05195 -0.14919 -0.00512375)
(1.03789 -0.13083 -0.00360261)
(1.02593 -0.114439 -0.00190063)
(1.01586 -0.100239 -0.000128034)
(1.00756 -0.088254 0.00160055)
(1.00094 -0.0783414 0.00317397)
(0.995851 -0.0702134 0.0044926)
(0.992088 -0.0634592 0.00547548)
(0.989345 -0.0575744 0.00606541)
(0.987257 -0.0519941 0.00623152)
(0.985431 -0.0461278 0.00596948)
(0.98348 -0.0393866 0.00529931)
(0.981059 -0.0312019 0.00426173)
(0.977878 -0.0210327 0.00291352)
(0.973719 -0.00836888 0.0013227)
(0.968434 0.00726595 -0.00043584)
(0.961951 0.0263059 -0.002284)
(0.954263 0.049126 -0.00414313)
(1.09553 -0.17042 -0.0068282)
(1.07579 -0.15308 -0.00577892)
(1.05885 -0.13599 -0.00440614)
(1.04436 -0.119943 -0.00279643)
(1.03205 -0.105461 -0.00104894)
(1.02175 -0.0928364 0.00072897)
(1.01335 -0.0821597 0.0024277)
(1.00672 -0.0733446 0.00394261)
(1.00169 -0.0661471 0.00518126)
(0.998017 -0.0601901 0.00606978)
(0.995361 -0.054994 0.00655738)
(0.993343 -0.0500122 0.00661875)
(0.991555 -0.0446651 0.006254)
(0.989604 -0.0383686 0.00548667)
(0.987137 -0.0305523 0.00436012)
(0.98386 -0.0206682 0.00293309)
(0.979553 -0.00819522 0.0012751)
(0.974071 0.00735557 -0.00053785)
(0.967344 0.026429 -0.00242676)
(0.959379 0.0494061 -0.00431228)
(1.0996 -0.151575 -0.00632636)
(1.08024 -0.137151 -0.00513569)
(1.06347 -0.122631 -0.0036599)
(1.04905 -0.108796 -0.00198681)
(1.03683 -0.0961969 -0.000214659)
(1.02667 -0.0851655 0.00155218)
(1.01846 -0.0758376 0.00320892)
(1.01205 -0.0681669 0.0046569)
(1.00725 -0.0619441 0.00581024)
(1.00378 -0.0568204 0.0066015)
(1.00129 -0.0523391 0.00698581)
(0.999395 -0.0479709 0.00694293)
(0.997673 -0.043148 0.00647713)
(0.995729 -0.0372918 0.00561518)
(0.993209 -0.029831 0.00440289)
(0.98982 -0.0202112 0.00290081)
(0.985345 -0.00790099 0.00117976)
(0.979642 0.00759986 -0.000683263)
(0.972654 0.0267456 -0.0026085)
(0.964396 0.0499211 -0.00451598)
(1.10098 -0.133537 -0.00576509)
(1.08247 -0.121673 -0.00445841)
(1.0663 -0.109485 -0.00290317)
(1.05238 -0.0977211 -0.00118733)
(1.0406 -0.0869301 0.000592382)
(1.03087 -0.0774629 0.00233479)
(1.02307 -0.0694806 0.00393974)
(1.01706 -0.0629641 0.00531417)
(1.01261 -0.0577291 0.00637824)
(1.00943 -0.05345 0.00707044)
(1.00717 -0.0496897 0.00735137)
(1.00543 -0.045935 0.00720549)
(1.00378 -0.0416293 0.00664091)
(1.00184 -0.0361995 0.00568742)
(0.999254 -0.0290732 0.00439308)
(0.995733 -0.0196899 0.00282007)
(0.991065 -0.00750837 0.00104039)
(0.98512 0.00798222 -0.000868126)
(0.97785 0.0272437 -0.00282506)
(0.969286 0.0506628 -0.00474996)
(1.1004 -0.116565 -0.00516771)
(1.08306 -0.106918 -0.00376608)
(1.06784 -0.0968173 -0.0021508)
(1.05472 -0.0869598 -0.000409132)
(1.04365 -0.0778735 0.0013642)
(1.03456 -0.0699095 0.00307138)
(1.02735 -0.0632394 0.00461675)
(1.02185 -0.0578593 0.00591259)
(1.01785 -0.0536021 0.00688465)
(1.01503 -0.0501596 0.00747698)
(1.01303 -0.0471114 0.00765522)
(1.01145 -0.043958 0.00740823)
(1.00988 -0.040153 0.0067477)
(1.00793 -0.0351275 0.0057062)
(1.00525 -0.028308 0.00433385)
(1.00157 -0.0191273 0.00269434)
(0.996688 -0.00703456 0.000860666)
(0.990478 0.00849052 -0.00108859)
(0.982909 0.0279158 -0.00307248)
(0.974027 0.0516271 -0.00501015)
(1.0985 -0.100794 -0.00455281)
(1.08256 -0.0930522 -0.00307395)
(1.06852 -0.0848028 -0.00141474)
(1.05642 -0.0766803 0.000338842)
(1.04624 -0.06918 0.00209445)
(1.03795 -0.0626392 0.00375775)
(1.03144 -0.0572278 0.00523751)
(1.02655 -0.0529474 0.00645106)
(1.02304 -0.0496414 0.00732947)
(1.0206 -0.0470137 0.00782196)
(1.01887 -0.0446569 0.00789891)
(1.01746 -0.0420834 0.00755326)
(1.01595 -0.0387546 0.00680005)
(1.01397 -0.034105 0.00567444)
(1.01118 -0.0275584 0.00422844)
(1.00732 -0.0185409 0.00252706)
(1.00219 -0.00649204 0.000644203)
(0.995691 0.00911683 -0.00134093)
(0.987806 0.0287575 -0.00334696)
(0.978595 0.0528124 -0.00529272)
(1.09584 -0.0862744 -0.00393511)
(1.08144 -0.0801628 -0.00239414)
(1.06872 -0.0735461 -0.000704508)
(1.05776 -0.0669923 0.00104951)
(1.0486 -0.0609547 0.0027782)
(1.0412 -0.0557473 0.00439078)
(1.03546 -0.0515291 0.00580038)
(1.03122 -0.0482998 0.00692915)
(1.02823 -0.0459067 0.00771321)
(1.02618 -0.044062 0.00810665)
(1.02472 -0.0423679 0.0080843)
(1.02346 -0.0403455 0.00764293)
(1.02199 -0.0374625 0.00680071)
(1.01995 -0.0331545 0.00559519)
(1.01702 -0.0268421 0.0040801)
(1.01294 -0.0179433 0.00232164)
(1.00754 -0.00588892 0.0003945)
(1.00074 0.00985705 -0.0016216)
(0.992522 0.0297682 -0.00364492)
(0.982975 0.0542202 -0.00559406)
(1.09288 -0.0729934 -0.00332629)
(1.08006 -0.0682788 -0.00173627)
(1.06873 -0.0631011 -2.76028e-05)
(1.059 -0.057961 0.00171737)
(1.05092 -0.0532656 0.00341173)
(1.04445 -0.0492988 0.00496829)
(1.03951 -0.0462024 0.00630443)
(1.03593 -0.0439682 0.00734697)
(1.03346 -0.0424429 0.00803681)
(1.0318 -0.0413426 0.00833264)
(1.03059 -0.0402762 0.00821351)
(1.02944 -0.038771 0.00767978)
(1.02798 -0.0362983 0.00675253)
(1.02585 -0.0322933 0.00547151)
(1.02274 -0.0261714 0.00389206)
(1.01842 -0.0173428 0.0020814)
(1.01273 -0.00522937 0.000114933)
(1.0056 0.0107105 -0.0019272)
(0.99704 0.0309496 -0.00396297)
(0.987152 0.0558541 -0.00591079)
(1.09002 -0.0609036 -0.00273568)
(1.07876 -0.0573924 -0.00110796)
(1.06882 -0.053486 0.000610089)
(1.06033 -0.0496199 0.00233821)
(1.05334 -0.046153 0.00399233)
(1.04781 -0.0433356 0.00548887)
(1.04367 -0.0412877 0.00674935)
(1.04074 -0.0399892 0.00770509)
(1.03877 -0.0392822 0.00830155)
(1.03746 -0.0388837 0.00850181)
(1.03646 -0.0384059 0.00828887)
(1.0354 -0.0373799 0.00766647)
(1.03391 -0.0352782 0.00665842)
(1.03165 -0.0315334 0.00530651)
(1.02834 -0.0255547 0.0036675)
(1.02374 -0.0167436 0.00180958)
(1.01773 -0.00451395 -0.000191266)
(1.01026 0.0116796 -0.00225452)
(1.00135 0.0323061 -0.00429792)
(0.991116 0.0577191 -0.00623979)
(1.08753 -0.0499387 -0.00217082)
(1.07777 -0.0474737 -0.000515275)
(1.06919 -0.0446961 0.001204)
(1.0619 -0.0419804 0.00290886)
(1.05597 -0.0396376 0.00451813)
(1.05137 -0.0378827 0.00595178)
(1.04799 -0.036811 0.00713535)
(1.04566 -0.0363878 0.00800451)
(1.04415 -0.0364478 0.00850907)
(1.04316 -0.0367057 0.00861627)
(1.04233 -0.0367748 0.00831286)
(1.04132 -0.036187 0.00760577)
(1.03976 -0.0344136 0.00652134)
(1.03734 -0.0308828 0.00510323)
(1.03378 -0.0249961 0.00340955)
(1.02888 -0.0161462 0.00150929)
(1.02254 -0.0037401 -0.000521012)
(1.0147 0.0127692 -0.00260053)
(1.00544 0.0338441 -0.00464681)
(0.994859 0.0598219 -0.00657811)
(1.08563 -0.0400265 -0.00163783)
(1.07727 -0.0384813 3.7008e-05)
(1.06996 -0.0367131 0.00175066)
(1.06383 -0.03504 0.0034271)
(1.0589 -0.0337268 0.00498803)
(1.05516 -0.0329528 0.00635688)
(1.0525 -0.0327879 0.00746312)
(1.05073 -0.0331804 0.00824658)
(1.04963 -0.0339553 0.00866125)
(1.0489 -0.0348233 0.00867833)
(1.0482 -0.0353955 0.00828811)
(1.04718 -0.0352025 0.00750051)
(1.04551 -0.0337118 0.00634424)
(1.04288 -0.0303454 0.00486471)
(1.03905 -0.0244961 0.00312121)
(1.03383 -0.015548 0.00118352)
(1.02713 -0.00290254 -0.000871378)
(1.01892 0.0139864 -0.00296237)
(1.00929 0.0355712 -0.00500685)
(0.998377 0.0621697 -0.00692306)
(1.08445 -0.0310967 -0.00114161)
(1.07738 -0.0303705 0.000545202)
(1.07125 -0.029512 0.00224755)
(1.06618 -0.0287877 0.00389151)
(1.06218 -0.0284192 0.00540157)
(1.05923 -0.028551 0.00670456)
(1.05721 -0.0292269 0.00773376)
(1.05595 -0.0303771 0.00843299)
(1.0552 -0.0318156 0.00876024)
(1.05467 -0.0332465 0.00869047)
(1.05403 -0.0342768 0.00821733)
(1.05297 -0.0344329 0.00735356)
(1.05114 -0.0331767 0.00613006)
(1.04827 -0.0299219 0.00459389)
(1.04413 -0.0240523 0.00280541)
(1.03856 -0.0149436 0.000835116)
(1.03149 -0.00199361 -0.00123959)
(1.02291 0.01534 -0.00333735)
(1.01292 0.0374963 -0.00537544)
(1.00167 0.06477 -0.00727212)
(1.0841 -0.0230857 -0.000685971)
(1.07817 -0.0230979 0.00100662)
(1.0731 -0.0230654 0.00269304)
(1.06899 -0.0232088 0.0043014)
(1.06583 -0.0237091 0.00575892)
(1.06359 -0.0246775 0.00699572)
(1.06214 -0.026132 0.00794876)
(1.0613 -0.0279843 0.00856571)
(1.06083 -0.0300358 0.00880838)
(1.06044 -0.0319821 0.00865531)
(1.05982 -0.0334242 0.00810332)
(1.05865 -0.0338818 0.00716781)
(1.05663 -0.032809 0.00588174)
(1.05349 -0.0296102 0.00429366)
(1.04901 -0.0236594 0.00246497)
(1.04308 -0.0143252 0.000466805)
(1.03562 -0.00100373 -0.00162304)
(1.02667 0.0168401 -0.00372297)
(1.01631 0.0396288 -0.00575017)
(1.00473 0.0676306 -0.00762296)
(1.08459 -0.0159394 -0.000273635)
(1.07967 -0.0166244 0.00141955)
(1.07554 -0.0173474 0.00308634)
(1.07228 -0.0182876 0.00465681)
(1.06986 -0.0195886 0.00606084)
(1.06823 -0.02133 0.00723175)
(1.06727 -0.0235048 0.00811002)
(1.06677 -0.0260057 0.00864704)
(1.06651 -0.0286205 0.00880825)
(1.0662 -0.0310347 0.00857561)
(1.06554 -0.0328408 0.00794895)
(1.06422 -0.0335502 0.00694615)
(1.06196 -0.032607 0.00560212)
(1.0585 -0.0294053 0.00396682)
(1.05368 -0.0233096 0.00210258)
(1.04736 -0.0136826 8.11677e-05)
(1.03951 7.82868e-05 -0.00201925)
(1.03018 0.018498 -0.00411686)
(1.01947 0.0419784 -0.00612878)
(1.00757 0.0707587 -0.00797343)
(1.08591 -0.00961326 9.37883e-05)
(1.08187 -0.0109169 0.00178327)
(1.07856 -0.012335 0.00342752)
(1.07603 -0.0140095 0.00495852)
(1.07425 -0.0160499 0.00630872)
(1.07314 -0.0185058 0.00741451)
(1.07257 -0.0213459 0.00821981)
(1.07234 -0.024444 0.00867953)
(1.07221 -0.027573 0.00876261)
(1.07192 -0.030407 0.00845426)
(1.07116 -0.032528 0.00775714)
(1.06964 -0.0334367 0.00669149)
(1.0671 -0.0325664 0.00529404)
(1.06331 -0.0293 0.00361607)
(1.05811 -0.0229929 0.00172083)
(1.05139 -0.0130042 -0.000319344)
(1.04315 0.00126489 -0.0024259)
(1.03345 0.0203252 -0.00451683)
(1.0224 0.0445548 -0.0065092)
(1.0102 0.074161 -0.00832155)
(1.08804 -0.0040733 0.000415867)
(1.08474 -0.00594944 0.00209807)
(1.08213 -0.00800985 0.00371753)
(1.08021 -0.010363 0.00520803)
(1.07896 -0.0130867 0.00650453)
(1.07828 -0.0162027 0.00754638)
(1.07801 -0.019656 0.00828077)
(1.07797 -0.0233012 0.00866603)
(1.07791 -0.0268957 0.00867442)
(1.07756 -0.0301003 0.00829424)
(1.07665 -0.032485 0.00753085)
(1.07489 -0.0335382 0.0064067)
(1.07204 -0.0326809 0.00496026)
(1.06789 -0.0292847 0.00324404)
(1.0623 -0.0226974 0.00132218)
(1.05518 -0.0122765 -0.000732408)
(1.04655 0.00256946 -0.00284081)
(1.03647 0.0223338 -0.00492082)
(1.02509 0.0473674 -0.00688947)
(1.0126 0.0778431 -0.00866551)
(1.09089 0.000704715 0.000693416)
(1.08821 -0.00170337 0.00236533)
(1.08618 -0.00435886 0.00395821)
(1.08478 -0.00733993 0.00540761)
(1.08396 -0.0106953 0.00665087)
(1.0836 -0.0144202 0.00763019)
(1.08355 -0.0184366 0.00829593)
(1.08362 -0.0225797 0.00860965)
(1.08356 -0.0265905 0.00854682)
(1.08311 -0.0301151 0.00809865)
(1.08199 -0.0327097 0.00727307)
(1.07996 -0.0338492 0.00609465)
(1.07676 -0.0329416 0.00460346)
(1.07223 -0.0293478 0.00285326)
(1.06623 -0.0224093 0.000909001)
(1.05872 -0.0114849 -0.00115582)
(1.0497 0.00400601 -0.00326193)
(1.03926 0.0245357 -0.00532691)
(1.02756 0.0504249 -0.0072678)
(1.0148 0.0818101 -0.00900361)
(1.09438 0.00473544 0.00092856)
(1.09222 0.0018325 0.00258751)
(1.09066 -0.00137472 0.00415236)
(1.08967 -0.00493671 0.0055603)
(1.08918 -0.00887502 0.00675096)
(1.08906 -0.0131597 0.00766929)
(1.08915 -0.0176902 0.00826866)
(1.08925 -0.0222821 0.00851377)
(1.08913 -0.0266587 0.0083831)
(1.08851 -0.0304506 0.00787066)
(1.08715 -0.0331984 0.00698683)
(1.0848 -0.0343626 0.00575815)
(1.08124 -0.033338 0.0042263)
(1.07632 -0.0294757 0.00244616)
(1.06991 -0.0221134 0.000483544)
(1.06199 -0.0106138 -0.00158749)
(1.05259 0.00558896 -0.0036873)
(1.04181 0.0269428 -0.00573328)
(1.02981 0.0537355 -0.00764251)
(1.01679 0.0860653 -0.00933431)
(1.33314 -0.000138979 0.00459575)
(1.33516 -0.0479947 0.00251468)
(1.32592 -0.096425 0.000262671)
(1.30609 -0.141833 -0.00191606)
(1.27749 -0.181021 -0.00382888)
(1.24264 -0.211779 -0.00535821)
(1.20415 -0.233123 -0.00646403)
(1.16436 -0.245183 -0.00717054)
(1.12503 -0.248891 -0.0075449)
(1.08727 -0.245601 -0.00767554)
(1.30714 -0.00133705 0.00292457)
(1.31056 -0.0407485 0.00104133)
(1.30452 -0.0814154 -0.000960328)
(1.2893 -0.120472 -0.00288075)
(1.26622 -0.155179 -0.00455843)
(1.23726 -0.183468 -0.0058907)
(1.20463 -0.20423 -0.00683897)
(1.17036 -0.217312 -0.00742061)
(1.13608 -0.223307 -0.00769283)
(1.10288 -0.223255 -0.00773462)
(1.28282 -0.00303374 0.00141588)
(1.28692 -0.0353247 -0.000295838)
(1.28315 -0.0692311 -0.00206994)
(1.27154 -0.102508 -0.00374551)
(1.25299 -0.132852 -0.00519038)
(1.22902 -0.158392 -0.0063181)
(1.20145 -0.177984 -0.00709445)
(1.17205 -0.191281 -0.00753305)
(1.14227 -0.198612 -0.00768348)
(1.11316 -0.200755 -0.00761659)
(1.26047 -0.00477883 7.1072e-05)
(1.26468 -0.0311203 -0.00149409)
(1.26242 -0.0592214 -0.00306493)
(1.25354 -0.0873458 -0.00451349)
(1.2386 -0.11359 -0.00573426)
(1.21876 -0.136298 -0.00665729)
(1.1955 -0.154353 -0.00725468)
(1.17031 -0.16729 -0.00753875)
(1.14449 -0.175237 -0.00755359)
(1.119 -0.178753 -0.00736331)
(1.24026 -0.00626908 -0.00111494)
(1.24415 -0.0276718 -0.00255579)
(1.24277 -0.0508428 -0.00394712)
(1.23585 -0.0744527 -0.00518848)
(1.22373 -0.096946 -0.00619799)
(1.20726 -0.116884 -0.00692161)
(1.1876 -0.133215 -0.00733893)
(1.166 -0.145411 -0.00746285)
(1.1436 -0.153454 -0.0073338)
(1.12128 -0.157728 -0.00701049)
(1.22222 -0.0073196 -0.00215169)
(1.22551 -0.0246381 -0.00348719)
(1.22452 -0.0436562 -0.00472092)
(1.21894 -0.063363 -0.00577516)
(1.20896 -0.0824965 -0.00658849)
(1.19516 -0.0998226 -0.0071217)
(1.17846 -0.114377 -0.00736234)
(1.15989 -0.125609 -0.00732528)
(1.14041 -0.133398 -0.0070488)
(1.12083 -0.137989 -0.00658752)
(1.20635 -0.00783676 -0.00305148)
(1.20883 -0.0217817 -0.00429732)
(1.20787 -0.03732 -0.00539294)
(1.20315 -0.0536859 -0.00627925)
(1.19472 -0.0698593 -0.00691232)
(1.18301 -0.0847905 -0.00726637)
(1.16871 -0.0976111 -0.00733693)
(1.15265 -0.107773 -0.00714173)
(1.13565 -0.115091 -0.00671817)
(1.11843 -0.119701 -0.00611793)
(1.19255 -0.0077943 -0.00382813)
(1.19414 -0.0189489 -0.00499704)
(1.19295 -0.0315789 -0.00597144)
(1.18869 -0.0451049 -0.00670749)
(1.18137 -0.0587024 -0.00717608)
(1.17125 -0.0714824 -0.00736335)
(1.15886 -0.0826719 -0.0072725)
(1.14487 -0.0917441 -0.00692468)
(1.12997 -0.0984737 -0.00635738)
(1.11475 -0.102917 -0.00562036)
(1.1807 -0.00721327 -0.00449588)
(1.18138 -0.0160518 -0.00559821)
(1.1798 -0.0262514 -0.00646584)
(1.17574 -0.0373728 -0.00706751)
(1.16915 -0.0487483 -0.00738663)
(1.16022 -0.0596258 -0.0074198)
(1.14934 -0.0693221 -0.00717741)
(1.13704 -0.0773422 -0.00668429)
(1.12389 -0.0834395 -0.00597875)
(1.11039 -0.087612 -0.00510953)
(1.17066 -0.00614589 -0.00506866)
(1.17046 -0.0130515 -0.00611293)
(1.16841 -0.0212154 -0.00688614)
(1.16435 -0.030304 -0.00736754)
(1.15822 -0.0397737 -0.00755115)
(1.15017 -0.0489877 -0.00744266)
(1.14047 -0.0573443 -0.0070591)
(1.12955 -0.0643852 -0.00642909)
(1.11786 -0.0698562 -0.0055923)
(1.10584 -0.073715 -0.0045972)
(1.16225 -0.00466331 -0.00555943)
(1.16126 -0.00994452 -0.00655298)
(1.15872 -0.0163965 -0.00724245)
(1.15454 -0.0237649 -0.0076161)
(1.14869 -0.0316052 -0.00767697)
(1.14127 -0.039376 -0.00743875)
(1.13249 -0.0465486 -0.00692447)
(1.12268 -0.0527026 -0.00616655)
(1.11222 -0.0575857 -0.00520642)
(1.10148 -0.0611284 -0.00409291)
(1.15532 -0.0028467 -0.00597986)
(1.15363 -0.00675116 -0.0069293)
(1.15064 -0.0117554 -0.00754452)
(1.14629 -0.0176646 -0.0078216)
(1.14059 -0.0241128 -0.00777143)
(1.13362 -0.0306383 -0.0074147)
(1.12555 -0.0367762 -0.00677995)
(1.11666 -0.0421436 -0.00590331)
(1.10725 -0.0464962 -0.00482826)
(1.09761 -0.0497476 -0.00360454)
(1.14968 -0.000781135 -0.00633993)
(1.14744 -0.00350738 -0.00725164)
(1.14404 -0.0072788 -0.0078013)
(1.13952 -0.0119452 -0.00799201)
(1.13389 -0.0172032 -0.00784156)
(1.12726 -0.0226574 -0.00737687)
(1.11976 -0.0278989 -0.00663155)
(1.11163 -0.0325805 -0.00564533)
(1.1031 -0.0364699 -0.00446399)
(1.09445 -0.0394711 -0.00313865)
(1.14517 0.00144824 -0.0066479)
(1.1425 -0.000258459 -0.00752831)
(1.1388 -0.00297174 -0.00802069)
(1.13412 -0.00657408 -0.00813452)
(1.12855 -0.0108122 -0.00789381)
(1.12218 -0.0153464 -0.00733112)
(1.11515 -0.0198166 -0.00648473)
(1.10766 -0.0239091 -0.00539792)
(1.09991 -0.027406 -0.00411895)
(1.09213 -0.0302076 -0.00270069)
(1.14161 0.00375845 -0.00691015)
(1.13867 0.00294513 -0.00776598)
(1.13476 0.00114841 -0.00820923)
(1.12999 -0.00153737 -0.00825528)
(1.12447 -0.00489908 -0.00793383)
(1.11833 -0.00864355 -0.0072826)
(1.11171 -0.0124538 -0.00634428)
(1.10478 -0.0160474 -0.00516561)
(1.09773 -0.0192221 -0.00379755)
(1.09075 -0.0218787 -0.00229508)
(1.13885 0.00606973 -0.00713125)
(1.13578 0.00605037 -0.00796964)
(1.13178 0.00505593 -0.00837199)
(1.12699 0.00316524 -0.00835919)
(1.12156 0.000559663 -0.00796619)
(1.11565 -0.00250697 -0.00723553)
(1.10939 -0.00575552 -0.00621409)
(1.10297 -0.00893271 -0.00495209)
(1.09656 -0.0118528 -0.0035033)
(1.09031 -0.0144201 -0.00192516)
(1.13674 0.00830593 -0.007314)
(1.13368 0.00900327 -0.00814259)
(1.1297 0.00871945 -0.00851248)
(1.12497 0.00752411 -0.00844973)
(1.11969 0.00557382 -0.00799421)
(1.11402 0.00308925 -0.00719301)
(1.10813 0.000316128 -0.00609704)
(1.10219 -0.00251939 -0.00475999)
(1.09636 -0.00524842 -0.00323863)
(1.09081 -0.00778122 -0.00159315)
(1.13514 0.0103945 -0.00745961)
(1.13222 0.0117496 -0.00828646)
(1.12837 0.0121037 -0.00863258)
(1.12381 0.0115222 -0.00852889)
(1.11873 0.0101428 -0.00801985)
(1.11334 0.00815844 -0.00715688)
(1.10782 0.00578518 -0.00599478)
(1.10235 0.00322399 -0.00459078)
(1.09709 0.00062679 -0.00300478)
(1.09219 -0.0019242 -0.00130004)
(1.13392 0.0122664 -0.00756781)
(1.13126 0.0142354 -0.00840132)
(1.12766 0.0151704 -0.00873264)
(1.12335 0.0151368 -0.00859714)
(1.11855 0.014258 -0.00804361)
(1.11348 0.0127037 -0.00712758)
(1.10836 0.0106642 -0.00590767)
(1.10336 0.00831674 -0.00444463)
(1.09865 0.00579654 -0.00280172)
(1.09438 0.00317704 -0.00104549)
(1.13296 0.013856 -0.00763705)
(1.13067 0.0164071 -0.00848585)
(1.12742 0.0178793 -0.0088115)
(1.12345 0.0183403 -0.00865346)
(1.11901 0.0179036 -0.00806454)
(1.11432 0.0167198 -0.00710414)
(1.10962 0.0149559 -0.00583464)
(1.1051 0.0127677 -0.00432035)
(1.10094 0.0102737 -0.00262802)
(1.09728 0.00753788 -0.000827769)
(1.06086 0.244771 0.000619152)
(1.07218 0.275035 0.00146505)
(1.08497 0.311254 0.00252857)
(1.09871 0.353751 0.00381942)
(1.1123 0.402133 0.00530505)
(1.12372 0.454658 0.00688431)
(1.1297 0.507421 0.00836217)
(1.12552 0.553696 0.00943836)
(1.10514 0.583924 0.0097264)
(1.06209 0.586849 0.00881247)
(1.08634 0.245713 0.00109309)
(1.10066 0.277723 0.00214712)
(1.11705 0.315705 0.0034628)
(1.13497 0.359729 0.00503724)
(1.15323 0.409011 0.00681591)
(1.16961 0.461314 0.00866677)
(1.18054 0.512288 0.0103597)
(1.18098 0.555041 0.0115635)
(1.16463 0.58035 0.0118748)
(1.12478 0.577807 0.0108829)
(1.11529 0.241274 0.00210878)
(1.1324 0.274756 0.0033588)
(1.15205 0.313958 0.00490139)
(1.17364 0.358623 0.00671682)
(1.19584 0.407529 0.00872598)
(1.2162 0.457976 0.0107672)
(1.2309 0.505296 0.0125813)
(1.23465 0.542663 0.013817)
(1.22099 0.561469 0.0140662)
(1.18314 0.552426 0.0129306)
(1.14803 0.23125 0.00360707)
(1.16778 0.265633 0.00503936)
(1.19038 0.305155 0.00677697)
(1.21513 0.34918 0.00878003)
(1.24048 0.396057 0.0109447)
(1.26376 0.442717 0.0130845)
(1.28094 0.484381 0.0149211)
(1.28659 0.51456 0.0160963)
(1.27425 0.525536 0.0162099)
(1.23718 0.509351 0.0148835)
(1.18396 0.215891 0.00539194)
(1.20626 0.250124 0.00699255)
(1.23152 0.288576 0.00888907)
(1.25884 0.330231 0.0110211)
(1.28648 0.373083 0.0132639)
(1.31156 0.413865 0.0154146)
(1.3299 0.447928 0.0171887)
(1.33608 0.469391 0.0182347)
(1.32376 0.471635 0.0181704)
(1.28638 0.448136 0.0166413)
(1.22172 0.195504 0.00715578)
(1.24646 0.228001 0.00890933)
(1.27399 0.263519 0.0109272)
(1.30322 0.300729 0.0131319)
(1.3322 0.337409 0.0153858)
(1.35791 0.370304 0.0174811)
(1.37617 0.395139 0.0191399)
(1.38166 0.406838 0.0200285)
(1.36827 0.39999 0.0197896)
(1.32972 0.369482 0.0180907)
(1.25942 0.169908 0.00855013)
(1.28631 0.198719 0.010435)
(1.31556 0.229208 0.0125366)
(1.34588 0.259855 0.0147677)
(1.37518 0.2884 0.0169874)
(1.4004 0.311809 0.0189947)
(1.41746 0.326357 0.0205289)
(1.42129 0.327874 0.021281)
(1.40608 0.312133 0.0209192)
(1.36588 0.275316 0.019128)
(1.29477 0.138248 0.0092753)
(1.32324 0.161432 0.0112589)
(1.35341 0.184975 0.0134078)
(1.38385 0.207315 0.0156333)
(1.41243 0.226325 0.0178012)
(1.43618 0.23934 0.0197255)
(1.45119 0.243273 0.0211689)
(1.45272 0.234846 0.0218488)
(1.43533 0.210893 0.0214557)
(1.39338 0.168702 0.0196826)
(1.32516 0.0994731 0.00915378)
(1.35433 0.115519 0.0111932)
(1.38442 0.130787 0.0133562)
(1.41398 0.143801 0.0155599)
(1.44092 0.152688 0.017683)
(1.46241 0.15522 0.0195597)
(1.47485 0.148938 0.0209769)
(1.47383 0.131347 0.0216762)
(1.45429 0.100163 0.021364)
(1.41089 0.053565 0.0197335)
(1.3478 0.0532484 0.00816495)
(1.37661 0.0613643 0.0102133)
(1.40562 0.0678367 0.0123628)
(1.43339 0.0713664 0.0145411)
(1.45798 0.0703767 0.0166429)
(1.47676 0.0630672 0.0185229)
(1.48644 0.0475203 0.0199902)
(1.48297 0.0218688 0.0208057)
(1.46165 -0.0154911 0.0206853)
(1.41737 -0.0656903 0.0193148)
(0.541195 0.0165513 0.00372322)
(0.50071 0.0294802 0.0025227)
(0.458595 0.0484897 0.00150201)
(0.416386 0.0753795 0.000726826)
(0.375417 0.11057 0.000148372)
(0.336103 0.151587 -0.000461473)
(0.297445 0.192195 -0.00152792)
(0.257163 0.223061 -0.0036063)
(0.212533 0.233999 -0.00723575)
(0.161531 0.216796 -0.0127705)
(0.652475 0.0573297 0.00294258)
(0.616725 0.0692953 0.00167135)
(0.577758 0.0860776 0.000500462)
(0.536562 0.109538 -0.000443779)
(0.494286 0.140955 -0.00108844)
(0.451644 0.179516 -0.00149364)
(0.408269 0.220836 -0.0019249)
(0.362496 0.256593 -0.00286527)
(0.311892 0.276015 -0.00492855)
(0.25436 0.26879 -0.00868943)
(0.745837 0.0955928 0.00290285)
(0.716507 0.108391 0.0017318)
(0.683309 0.125275 0.000569677)
(0.646635 0.147846 -0.000457588)
(0.607149 0.177571 -0.00123305)
(0.565365 0.214525 -0.00171393)
(0.521034 0.25573 -0.00201711)
(0.472746 0.294089 -0.00248233)
(0.418204 0.319021 -0.00365778)
(0.355235 0.319007 -0.0061829)
(0.821133 0.129129 0.0030017)
(0.798702 0.143762 0.0020548)
(0.77245 0.162235 0.00106275)
(0.742292 0.185836 0.000126694)
(0.708365 0.215897 -0.000642072)
(0.670748 0.252797 -0.00116685)
(0.628946 0.294379 -0.00147965)
(0.581444 0.334531 -0.0017988)
(0.525805 0.363141 -0.0025602)
(0.459597 0.368125 -0.00435939)
(0.880285 0.157459 0.00294431)
(0.864513 0.174398 0.00227795)
(0.84541 0.195263 0.00155415)
(0.822583 0.221098 0.000847409)
(0.795728 0.252992 0.000244514)
(0.764445 0.29129 -0.000185464)
(0.727809 0.334163 -0.000448601)
(0.683942 0.376085 -0.000696992)
(0.630026 0.407371 -0.00127492)
(0.563152 0.41572 -0.00269796)
(0.926173 0.18101 0.00264799)
(0.916464 0.200406 0.00227203)
(0.904162 0.224015 0.00185791)
(0.888708 0.252714 0.00145971)
(0.86949 0.287352 0.00113782)
(0.84568 0.328067 0.000936369)
(0.815875 0.373016 0.000838853)
(0.777696 0.416886 0.000710155)
(0.727788 0.450237 0.000254259)
(0.662607 0.460698 -0.000977084)
(0.961936 0.200508 0.0021503)
(0.957579 0.222339 0.00205176)
(0.95148 0.248769 0.00195462)
(0.943019 0.28057 0.00189941)
(0.931389 0.318371 0.00192399)
(0.915423 0.362029 0.00204329)
(0.893258 0.409466 0.00221262)
(0.861979 0.455296 0.00228191)
(0.817619 0.490128 0.00196482)
(0.755931 0.501588 0.000851204)
(0.990615 0.216579 0.001553)
(0.99093 0.240735 0.00171238)
(0.990379 0.269907 0.00192426)
(0.988347 0.304791 0.00222042)
(0.983915 0.345808 0.00262026)
(0.975651 0.392484 0.00310971)
(0.961285 0.442374 0.0036087)
(0.937376 0.489824 0.00393513)
(0.899349 0.525366 0.00378714)
(0.842259 0.536675 0.00276681)
(1.01502 0.229503 0.000993618)
(1.01943 0.255838 0.00139356)
(1.02382 0.287587 0.00190227)
(1.02761 0.325364 0.00254499)
(1.02982 0.36937 0.00332472)
(1.0288 0.418755 0.00419907)
(1.02193 0.470621 0.0050499)
(1.00527 0.518944 0.00565565)
(0.973698 0.554135 0.00568661)
(0.921628 0.564027 0.00474167)
(1.03769 0.239101 0.000629373)
(1.04573 0.267467 0.00125716)
(1.05454 0.30158 0.0020502)
(1.06358 0.341936 0.00302704)
(1.0718 0.388472 0.00417401)
(1.07739 0.439915 0.00541995)
(1.07738 0.492864 0.00660794)
(1.06741 0.540911 0.00747556)
(1.04186 0.574403 0.00766252)
(0.994631 0.581509 0.00675979)
(0.832231 -0.0309557 0.00511457)
(0.827824 -0.0275808 0.00552712)
(0.823009 -0.0244897 0.00595845)
(0.817735 -0.0217342 0.00640659)
(0.811945 -0.0193637 0.00686875)
(0.805571 -0.0174198 0.00734054)
(0.798536 -0.0159288 0.00781517)
(0.790754 -0.0148933 0.00828244)
(0.78212 -0.0142839 0.00872783)
(0.772516 -0.014032 0.00913172)
(0.761801 -0.0140256 0.00946906)
(0.749804 -0.0141106 0.00970967)
(0.736322 -0.0140971 0.00981967)
(0.721114 -0.0137721 0.00976401)
(0.703899 -0.0129148 0.00951047)
(0.684363 -0.0113111 0.00903465)
(0.66218 -0.0087572 0.00832566)
(0.637044 -0.00503835 0.00739176)
(0.608731 0.000136025 0.00626503)
(0.577195 0.00725754 0.00500452)
(0.850553 -0.0217391 0.00404614)
(0.848016 -0.0173224 0.00441773)
(0.845227 -0.0130821 0.00480926)
(0.842136 -0.00907068 0.00521819)
(0.838687 -0.0053414 0.00564128)
(0.834815 -0.00194338 0.006074)
(0.830452 0.0010847 0.00650985)
(0.825521 0.00372286 0.00693963)
(0.819939 0.00597894 0.00735067)
(0.813616 0.00789759 0.00772619)
(0.806453 0.00956747 0.00804489)
(0.798341 0.011125 0.00828112)
(0.789155 0.0127531 0.00840569)
(0.778752 0.0146741 0.00838764)
(0.766967 0.017138 0.00819709)
(0.75361 0.0204077 0.00780898)
(0.738475 0.0247477 0.00720758)
(0.721354 0.0304255 0.00639105)
(0.702065 0.0377398 0.00537574)
(0.680504 0.0470913 0.00419973)
(0.865084 -0.0145059 0.00307282)
(0.864023 -0.0092359 0.00340572)
(0.862867 -0.00403732 0.00376142)
(0.861564 0.00103883 0.00413724)
(0.860061 0.00593848 0.00452984)
(0.858295 0.0106082 0.00493477)
(0.856202 0.0150011 0.00534592)
(0.853711 0.0190843 0.0057549)
(0.850749 0.0228485 0.00615046)
(0.847242 0.0263179 0.0065179)
(0.843117 0.0295603 0.00683879)
(0.838303 0.032694 0.00709104)
(0.832728 0.0358914 0.00724952)
(0.826321 0.0393778 0.00728745)
(0.819005 0.0434235 0.00717865)
(0.810699 0.0483329 0.00690062)
(0.801319 0.0544319 0.00643821)
(0.790778 0.0620622 0.00578753)
(0.779008 0.0715906 0.00495955)
(0.765983 0.0834497 0.0039831)
(0.876556 -0.00890779 0.00218914)
(0.876599 -0.00296632 0.00248159)
(0.876692 0.00300136 0.00280028)
(0.876787 0.00894719 0.00314265)
(0.876832 0.014818 0.00350546)
(0.876766 0.0205585 0.00388449)
(0.876527 0.0261161 0.00427403)
(0.876045 0.031448 0.00466637)
(0.875252 0.036531 0.0050513)
(0.874081 0.0413719 0.00541559)
(0.872473 0.0460193 0.00574283)
(0.870375 0.0505739 0.00601345)
(0.86775 0.0551957 0.00620534)
(0.864573 0.0601077 0.00629511)
(0.860831 0.0655929 0.00625999)
(0.856527 0.0719871 0.00608069)
(0.851673 0.0796689 0.00574464)
(0.846299 0.0890511 0.00524955)
(0.840456 0.100583 0.00460667)
(0.834235 0.114773 0.00384341)
(0.885709 -0.00458343 0.0013986)
(0.886523 0.00186787 0.00164725)
(0.887522 0.00843338 0.0019255)
(0.888659 0.0150688 0.00223102)
(0.889885 0.021723 0.00256083)
(0.891141 0.0283401 0.00291099)
(0.892363 0.0348634 0.0032762)
(0.893483 0.0412427 0.00364927)
(0.894431 0.0474426 0.00402072)
(0.895143 0.0534548 0.00437831)
(0.895561 0.0593105 0.00470691)
(0.895644 0.0650936 0.00498859)
(0.89537 0.0709515 0.00520322)
(0.894742 0.077102 0.00532972)
(0.893791 0.0838361 0.00534796)
(0.892578 0.0915136 0.00524145)
(0.891192 0.100556 0.00500051)
(0.889756 0.11144 0.00462573)
(0.888429 0.12469 0.00413121)
(0.887419 0.140898 0.003547)
(0.89322 -0.0011999 0.000708928)
(0.894525 0.00562592 0.000910139)
(0.896136 0.0126439 0.00114396)
(0.898011 0.019814 0.00140833)
(0.900101 0.0270876 0.00170055)
(0.902348 0.0344089 0.00201701)
(0.904688 0.0417185 0.00235273)
(0.907051 0.0489595 0.00270095)
(0.909365 0.0560861 0.00305267)
(0.911559 0.0630764 0.00339624)
(0.913575 0.0699459 0.00371723)
(0.915371 0.0767629 0.0039986)
(0.916932 0.0836627 0.00422135)
(0.918278 0.0908582 0.00436581)
(0.919466 0.0986463 0.00441366)
(0.920601 0.107407 0.00435065)
(0.92183 0.1176 0.00416992)
(0.923353 0.129752 0.00387559)
(0.925426 0.144458 0.00348609)
(0.928365 0.162381 0.00303677)
(0.899653 0.0015222 0.00012898)
(0.901224 0.00861443 0.000279461)
(0.903211 0.0159675 0.000465127)
(0.905575 0.0235457 0.000684193)
(0.908268 0.0313032 0.000934238)
(0.911235 0.0391847 0.00121191)
(0.914409 0.0471286 0.00151255)
(0.917718 0.0550719 0.00182967)
(0.921082 0.0629597 0.00215455)
(0.924425 0.0707571 0.00247582)
(0.927682 0.0784653 0.00277932)
(0.930805 0.0861388 0.00304832)
(0.93378 0.0939021 0.00326428)
(0.936633 0.101965 0.00340831)
(0.939443 0.110631 0.00346335)
(0.942348 0.120299 0.00341716)
(0.945549 0.131461 0.003266)
(0.949315 0.144691 0.00301844)
(0.953993 0.160633 0.00269911)
(0.960013 0.18 0.00235165)
(0.905448 0.0037985 -0.000332718)
(0.90711 0.0110738 -0.000235881)
(0.909287 0.0186706 -0.000101609)
(0.911945 0.0265574 6.85264e-05)
(0.915039 0.0346912 0.000272326)
(0.918512 0.0430176 0.000506664)
(0.922297 0.0514728 0.00076708)
(0.926315 0.0599883 0.00104728)
(0.930481 0.0685001 0.00133865)
(0.934708 0.0769615 0.00162983)
(0.938921 0.0853602 0.0019066)
(0.943064 0.093738 0.00215213)
(0.94712 0.102211 0.00234796)
(0.951121 0.110988 0.00247561)
(0.955163 0.12038 0.00251921)
(0.959418 0.130806 0.00246892)
(0.964145 0.142785 0.00232512)
(0.969689 0.156923 0.00210279)
(0.976501 0.173897 0.00183579)
(0.985136 0.194433 0.00158022)
(0.910917 0.00578156 -0.000668556)
(0.912538 0.0131775 -0.000628102)
(0.914767 0.0209486 -0.000548126)
(0.917573 0.0290676 -0.000430069)
(0.920914 0.0374946 -0.000275998)
(0.924732 0.0461761 -8.88996e-05)
(0.928958 0.0550461 0.000126884)
(0.933507 0.0640307 0.000365128)
(0.938285 0.0730571 0.000617172)
(0.943195 0.0820667 0.000871485)
(0.948147 0.0910345 0.00111354)
(0.953077 0.0999908 0.0013262)
(0.957964 0.109045 0.0014909)
(0.962846 0.118405 0.00158969)
(0.967846 0.128391 0.00160841)
(0.973181 0.139437 0.00154083)
(0.979177 0.152083 0.00139359)
(0.986281 0.166948 0.00119139)
(0.995068 0.184705 0.000981801)
(1.00625 0.206039 0.000838917)
(0.916263 0.00756842 -0.000871898)
(0.917747 0.0150387 -0.000890715)
(0.919927 0.0229321 -0.00086788)
(0.922775 0.0312257 -0.000804824)
(0.926251 0.0398825 -0.000703592)
(0.930299 0.04885 -0.000567145)
(0.934843 0.0580602 -0.000399811)
(0.939794 0.0674339 -0.000207861)
(0.945046 0.0768888 -1.18408e-07)
(0.95049 0.0863547 0.000211579)
(0.956022 0.0957934 0.000412287)
(0.961569 0.105224 0.000584536)
(0.967108 0.114748 0.000709853)
(0.972695 0.124573 0.000771458)
(0.978489 0.135023 0.00075824)
(0.984772 0.14654 0.000669885)
(0.99197 0.159664 0.000522778)
(1.00066 0.175 0.000355989)
(1.01158 0.19317 0.000236408)
(1.02562 0.214747 0.000261865)
(0.921353 0.00907634 -0.000936197)
(0.922632 0.0164324 -0.0010144)
(0.924654 0.0242312 -0.0010511)
(0.927397 0.0324558 -0.0010478)
(0.930827 0.0410753 -0.00100654)
(0.934893 0.050043 -0.000930133)
(0.939524 0.0592959 -0.000822619)
(0.944631 0.0687563 -0.000689756)
(0.950108 0.0783396 -0.000539615)
(0.955842 0.0879658 -0.000383028)
(0.961721 0.0975785 -0.00023366)
(0.967661 0.107167 -0.000107394)
(0.973632 0.116794 -2.07097e-05)
(0.979684 0.126611 1.21676e-05)
(0.985983 0.136875 -1.65595e-05)
(0.992833 0.147945 -0.000102946)
(1.0007 0.160262 -0.000225324)
(1.01021 0.174311 -0.000338461)
(1.02216 0.190567 -0.000368933)
(1.03752 0.209422 -0.000213221)
(0.926271 0.0103426 -0.000871882)
(0.927319 0.0174135 -0.00100443)
(0.929111 0.0249162 -0.0010978)
(0.931635 0.0328396 -0.0011536)
(0.934862 0.0411606 -0.00117389)
(0.938751 0.0498421 -0.00116134)
(0.943243 0.0588312 -0.00111952)
(0.948259 0.0680602 -0.00105332)
(0.953703 0.0774499 -0.000969406)
(0.959468 0.0869178 -0.000876553)
(0.965444 0.0963911 -0.000785764)
(0.971542 0.105824 -0.000709738)
(0.977712 0.115215 -0.000661499)
(0.983981 0.124626 -0.000651931)
(0.99048 0.134191 -0.000686167)
(0.997472 0.144119 -0.00075901)
(1.00538 0.154676 -0.000849873)
(1.01478 0.166163 -0.000918003)
(1.02641 0.178875 -0.00089901)
(1.04113 0.19304 -0.000704023)
(0.931225 0.0115068 -0.000680605)
(0.932049 0.0182814 -0.000862939)
(0.933609 0.0254687 -0.00100812)
(0.935898 0.0330617 -0.00111798)
(0.938896 0.0410433 -0.0011947)
(0.942569 0.0493844 -0.00124097)
(0.946866 0.0580413 -0.00126016)
(0.95172 0.0669558 -0.00125658)
(0.957045 0.0760561 -0.00123579)
(0.962744 0.0852613 -0.00120487)
(0.968713 0.094489 -0.00117246)
(0.974862 0.103667 -0.00114822)
(0.981134 0.112743 -0.00114166)
(0.987538 0.121702 -0.00115999)
(0.994178 0.130567 -0.00120503)
(1.00128 0.139408 -0.00126939)
(1.00923 0.148331 -0.00133246)
(1.01854 0.157467 -0.00135699)
(1.02987 0.166952 -0.00128705)
(1.04401 0.176898 -0.00104874)
(0.936189 0.0125579 -0.000359335)
(0.936807 0.0190316 -0.000586543)
(0.938148 0.0258928 -0.000778228)
(0.940206 0.0331372 -0.000936461)
(0.94297 0.0407521 -0.00106367)
(0.94641 0.0487143 -0.00116267)
(0.950486 0.0569883 -0.00123679)
(0.955139 0.0655245 -0.00129)
(0.960295 0.074259 -0.00132708)
(0.965868 0.0831148 -0.00135375)
(0.971763 0.0920049 -0.00137653)
(0.977896 0.100838 -0.0014023)
(0.98421 0.109524 -0.00143713)
(0.990706 0.117981 -0.00148444)
(0.997468 0.126139 -0.00154241)
(1.0047 0.133945 -0.00160097)
(1.01272 0.141364 -0.0016389)
(1.02201 0.148381 -0.00162185)
(1.03315 0.155005 -0.00150207)
(1.04678 0.161265 -0.00122051)
(0.941122 0.0134781 9.41892e-05)
(0.941559 0.0196503 -0.000172703)
(0.942699 0.0261805 -0.000405244)
(0.944543 0.0330655 -0.000605773)
(0.947081 0.0402954 -0.000776974)
(0.95029 0.0478519 -0.000921882)
(0.954138 0.0557055 -0.0010439)
(0.958574 0.0638143 -0.00114685)
(0.963537 0.0721217 -0.00123497)
(0.96895 0.0805558 -0.00131288)
(0.974733 0.089028 -0.00138535)
(0.980812 0.0974342 -0.00145672)
(0.987137 0.105655 -0.00152984)
(0.993706 0.113555 -0.00160444)
(1.00059 0.120988 -0.0016751)
(1.00797 0.1278 -0.00172901)
(1.01614 0.133839 -0.00174426)
(1.02549 0.138973 -0.0016894)
(1.03653 0.143115 -0.00152466)
(1.04978 0.146248 -0.00120554)
(0.945974 0.014247 0.000681398)
(0.946257 0.0201191 0.000380241)
(0.947222 0.0263161 0.000112723)
(0.948872 0.0328354 -0.000123746)
(0.9512 0.0396685 -0.000332116)
(0.954191 0.0468 -0.000515668)
(0.957815 0.0542054 -0.00067797)
(0.962034 0.0618487 -0.000822805)
(0.966795 0.0696796 -0.000954061)
(0.972035 0.0776309 -0.00107552)
(0.977688 0.0856142 -0.00119047)
(0.983695 0.0935167 -0.00130104)
(0.990016 0.101196 -0.00140719)
(0.996655 0.108479 -0.00150532)
(1.00368 0.115159 -0.0015867)
(1.01125 0.121004 -0.00163618)
(1.01961 0.125773 -0.0016316)
(1.02911 0.129251 -0.00154471)
(1.04014 0.131288 -0.00134388)
(1.05312 0.131847 -0.000998579)
(0.950695 0.014844 0.00140286)
(0.95085 0.0204178 0.00107305)
(0.951665 0.0262811 0.000776608)
(0.953144 0.0324307 0.000510717)
(0.955283 0.0388588 0.000272177)
(0.958071 0.0455516 5.74587e-05)
(0.961485 0.0524876 -0.0001372)
(0.965493 0.0596351 -0.00031563)
(0.970054 0.0669487 -0.0004815)
(0.975119 0.0743647 -0.000637946)
(0.980638 0.0817956 -0.000787049)
(0.986567 0.0891223 -0.000929078)
(0.992881 0.0961875 -0.00106151)
(0.999596 0.102789 -0.00117791)
(1.00678 0.108678 -0.0012669)
(1.01457 0.113569 -0.00131173)
(1.02317 0.117165 -0.00129076)
(1.03287 0.119197 -0.00117967)
(1.04397 0.119488 -0.00095512)
(1.05676 0.118003 -0.000599853)
(0.955238 0.0152501 0.00225832)
(0.95529 0.0205268 0.00190562)
(0.955977 0.026056 0.00158642)
(0.957306 0.0318334 0.0012977)
(0.959275 0.0378504 0.00103604)
(0.961878 0.0440939 0.000797683)
(0.965096 0.0505438 0.000578666)
(0.968905 0.057171 0.000375072)
(0.973275 0.0639328 0.000183373)
(0.978171 0.0707679 9.22484e-07)
(0.983557 0.0775888 -0.00017339)
(0.98941 0.0842723 -0.00033832)
(0.995721 0.0906507 -0.00048936)
(1.00252 0.0965038 -0.000617905)
(1.00987 0.101558 -0.000710795)
(1.0179 0.1055 -0.00075066)
(1.02678 0.108004 -0.000717497)
(1.03672 0.108785 -0.000591724)
(1.04794 0.107661 -0.00035858)
(1.06061 0.104625 -1.31289e-05)
(0.959561 0.0154491 0.00324671)
(0.959528 0.0204291 0.00287702)
(0.960106 0.0256235 0.00254129)
(0.961304 0.0310259 0.00223635)
(0.963123 0.0366268 0.00195858)
(0.965556 0.0424123 0.00170403)
(0.968592 0.0483624 0.00146855)
(0.972216 0.0544486 0.00124813)
(0.976405 0.0606291 0.00103935)
(0.981138 0.066843 0.000839942)
(0.986399 0.0730018 0.000649547)
(0.992181 0.0789794 0.000470574)
(0.998495 0.0846021 0.000308973)
(1.00538 0.0896418 0.000174746)
(1.01291 0.093817 8.18315e-05)
(1.0212 0.0968081 4.69935e-05)
(1.03037 0.0982915 8.74172e-05)
(1.04057 0.0979939 0.000217006)
(1.05192 0.0957596 0.000441807)
(1.0645 0.0916159 0.000755516)
(0.963626 0.0154279 0.00436632)
(0.963524 0.0201104 0.00398562)
(0.964009 0.0249683 0.00363961)
(0.965092 0.0299931 0.00332499)
(0.966773 0.0351732 0.003038)
(0.96905 0.0404931 0.0027745)
(0.971918 0.0459315 0.00253021)
(0.975366 0.0514588 0.00230105)
(0.979384 0.0570321 0.00208367)
(0.983965 0.062589 0.0018761)
(0.989108 0.0680387 0.00167857)
(0.994825 0.0732529 0.00149429)
(1.00115 0.0780562 0.00133009)
(1.00813 0.0822215 0.0011965)
(1.01584 0.0854745 0.00110716)
(1.02438 0.0875119 0.00107692)
(1.03383 0.0880382 0.00111894)
(1.04428 0.0868189 0.00124058)
(1.05577 0.083744 0.00143917)
(1.06827 0.0788856 0.00169842)
(0.967404 0.0151771 0.00561489)
(0.967243 0.0195601 0.00522918)
(0.967647 0.024079 0.0048791)
(0.968624 0.0287228 0.00456124)
(0.970179 0.0334773 0.00427171)
(0.972311 0.0383244 0.00400624)
(0.97502 0.0432406 0.00376044)
(0.978302 0.0481933 0.00353021)
(0.982158 0.0531366 0.00331225)
(0.986594 0.0580045 0.00310487)
(0.991625 0.0627033 0.00290867)
(0.997284 0.0671028 0.00272735)
(1.00362 0.0710298 0.00256799)
(1.01069 0.074267 0.00244083)
(1.01858 0.0765614 0.00235801)
(1.02735 0.0776453 0.00233127)
(1.03707 0.0772737 0.00236852)
(1.04775 0.0752726 0.00246996)
(1.05935 0.0715933 0.00262437)
(1.07176 0.0663566 0.00280684)
(0.970872 0.0146906 0.00698975)
(0.97066 0.0187708 0.00660502)
(0.970988 0.0229473 0.00625699)
(0.971867 0.0272061 0.00594215)
(0.973302 0.03153 0.00565652)
(0.975295 0.0358978 0.00539571)
(0.977851 0.0402821 0.00515528)
(0.980974 0.0446461 0.0049311)
(0.984675 0.0489391 0.00472001)
(0.988972 0.0530901 0.00452048)
(0.993899 0.0570012 0.00433339)
(0.999503 0.0605415 0.00416251)
(1.00585 0.0635441 0.00401462)
(1.01301 0.0658096 0.00389877)
(1.02105 0.0671184 0.00382454)
(1.03004 0.0672554 0.00379933)
(1.03999 0.0660437 0.00382488)
(1.05085 0.0633861 0.00389373)
(1.06253 0.059305 0.00398654)
(1.07484 0.0539702 0.00407123)
(0.974013 0.0139653 0.00848795)
(0.973752 0.0177385 0.00811013)
(0.974008 0.0215683 0.00777013)
(0.974791 0.0254376 0.00746436)
(0.976109 0.0293259 0.00718874)
(0.977967 0.0332079 0.00693882)
(0.980374 0.0370515 0.00671011)
(0.983342 0.0408143 0.00649855)
(0.986891 0.0444391 0.00630106)
(0.991055 0.0478488 0.00611627)
(0.995881 0.050941 0.00594514)
(1.00143 0.0535855 0.0057912)
(1.00779 0.0556257 0.00566033)
(1.01502 0.0568876 0.00555952)
(1.02321 0.0571964 0.0054948)
(1.03237 0.056402 0.00546824)
(1.0425 0.0544091 0.00547464)
(1.0535 0.0512074 0.00549871)
(1.06521 0.0468949 0.0055136)
(1.07737 0.0416877 0.00548151)
(0.976816 0.0130009 0.0101065)
(0.976505 0.016462 0.00974134)
(0.976688 0.0199402 0.00941515)
(0.977375 0.0234152 0.00912422)
(0.978575 0.0268627 0.00886436)
(0.980299 0.0302528 0.00863109)
(0.982557 0.0335476 0.00841992)
(0.985371 0.0366981 0.00822684)
(0.988772 0.0396394 0.00804891)
(0.992806 0.0422873 0.00788486)
(0.997535 0.0445353 0.00773553)
(1.00304 0.0462557 0.00760387)
(1.0094 0.0473068 0.00749426)
(1.01669 0.0475468 0.0074109)
(1.02499 0.0468547 0.00735537)
(1.03429 0.0451551 0.0073236)
(1.04455 0.0424424 0.007303)
(1.05562 0.0387979 0.00727055)
(1.0673 0.0343948 0.00719265)
(1.07929 0.0294901 0.00702726)
(0.979275 0.0117992 0.0118422)
(0.978909 0.0149425 0.0114954)
(0.979015 0.018064 0.0111885)
(0.979603 0.0211397 0.0109179)
(0.980683 0.0241413 0.0106792)
(0.982269 0.0270337 0.0104678)
(0.984378 0.0297726 0.0102794)
(0.987039 0.0323011 0.0101099)
(0.990293 0.0345461 0.00995671)
(0.994198 0.0364158 0.00981841)
(0.998831 0.0378003 0.0096956)
(1.00428 0.0385774 0.00959027)
(1.01064 0.0386246 0.00950478)
(1.01798 0.0378387 0.00943982)
(1.02636 0.0361593 0.00939181)
(1.03575 0.0335923 0.00935002)
(1.04607 0.030225 0.00929427)
(1.05715 0.0262292 0.00919417)
(1.06874 0.0218494 0.00901033)
(1.08051 0.0173762 0.0086978)
(0.981387 0.0103638 0.0136921)
(0.98096 0.0131835 0.013369)
(0.980982 0.0159428 0.0130868)
(0.981464 0.0186143 0.0128415)
(0.982419 0.0211651 0.0126288)
(0.983863 0.0235546 0.0124441)
(0.98582 0.0257314 0.0122829)
(0.988326 0.0276299 0.0121416)
(0.991434 0.0291682 0.0120173)
(0.995213 0.0302475 0.0119088)
(0.999751 0.0307561 0.011816)
(1.00514 0.03058 0.0117397)
(1.01149 0.0296207 0.0116797)
(1.01886 0.0278193 0.0116326)
(1.02728 0.0251812 0.0115891)
(1.03671 0.0217959 0.0115315)
(1.04704 0.0178426 0.0114323)
(1.05806 0.0135792 0.0112542)
(1.06949 0.0093129 0.010953)
(1.08101 0.00536011 0.0104823)
(0.983153 0.00869971 0.0156534)
(0.982655 0.0111898 0.0153592)
(0.982585 0.0135816 0.0151065)
(0.982955 0.0158442 0.0148912)
(0.983777 0.01794 0.0147089)
(0.985074 0.0198222 0.0145549)
(0.986874 0.0214316 0.014425)
(0.989224 0.0226939 0.0143153)
(0.992186 0.0235182 0.0142234)
(0.99584 0.0237993 0.0141475)
(1.00028 0.023426 0.0140871)
(1.00562 0.0222962 0.0140412)
(1.01194 0.0203403 0.0140065)
(1.01931 0.017548 0.0139752)
(1.02774 0.0139937 0.0139319)
(1.03716 0.00984988 0.013852)
(1.04744 0.00538318 0.0137008)
(1.05833 0.000928509 0.0134351)
(1.06955 -0.00315424 0.0130071)
(1.08077 -0.00653179 0.0123698)
(0.984575 0.00681306 0.0177234)
(0.983997 0.00896761 0.0174628)
(0.983825 0.010987 0.0172441)
(0.984071 0.0128365 0.0170631)
(0.984754 0.0144737 0.016915)
(0.985896 0.0158451 0.0167954)
(0.987537 0.0168834 0.0166998)
(0.989729 0.017505 0.0166247)
(0.992544 0.0176107 0.0165675)
(0.996073 0.0170905 0.0165262)
(1.00042 0.0158364 0.0164993)
(1.00569 0.0137621 0.0164836)
(1.01198 0.0108313 0.0164726)
(1.01933 0.00708634 0.0164536)
(1.02773 0.00267099 0.016405)
(1.03709 -0.00216207 0.0162954)
(1.04725 -0.00706686 0.0160838)
(1.05795 -0.0116426 0.0157218)
(1.06891 -0.0154887 0.0151592)
(1.0798 -0.0182641 0.0143493)
(0.985657 0.00471057 0.0198997)
(0.984987 0.00652411 0.0196772)
(0.984702 0.00816664 0.0194966)
(0.984816 0.00959972 0.0193534)
(0.98535 0.0107755 0.0192429)
(0.986332 0.0116337 0.0191604)
(0.987808 0.0120985 0.0191017)
(0.98984 0.0120772 0.0190632)
(0.992509 0.0114631 0.0190422)
(0.995915 0.0101434 0.0190363)
(1.00017 0.00801638 0.0190426)
(1.00537 0.00501624 0.0190558)
(1.01161 0.0011439 0.0190654)
(1.01891 -0.00350346 0.0190537)
(1.02725 -0.00871329 0.0189932)
(1.0365 -0.0141586 0.018846)
(1.04649 -0.0194242 0.0185654)
(1.05695 -0.0240565 0.0180993)
(1.06759 -0.0276269 0.0173958)
(1.07811 -0.0297956 0.0164098)
(0.986405 0.00239951 0.02218)
(0.98563 0.0038672 0.0219995)
(0.985221 0.0051293 0.0218606)
(0.985192 0.00614344 0.0217584)
(0.985568 0.00685627 0.0216881)
(0.986384 0.00720016 0.021645)
(0.987692 0.00709068 0.0216249)
(0.989563 0.00642662 0.0216241)
(0.992087 0.00509483 0.0216399)
(0.995371 0.0029824 0.0216691)
(0.999527 -2.30826e-06 0.0217072)
(1.00466 -0.00390057 0.0217464)
(1.01083 -0.00867052 0.0217722)
(1.01806 -0.0141589 0.0217616)
(1.0263 -0.0200872 0.0216815)
(1.0354 -0.0260619 0.0214882)
(1.04517 -0.0316104 0.0211304)
(1.05534 -0.0362402 0.0205531)
(1.06562 -0.0395077 0.0197041)
(1.07575 -0.0410823 0.0185403)
(1.05732 0.220959 1.4045e-05)
(1.08044 0.218941 0.000448854)
(1.10708 0.211887 0.00139451)
(1.13729 0.19996 0.00276776)
(1.1703 0.183862 0.00436229)
(1.20472 0.164337 0.00588374)
(1.23891 0.141509 0.00702169)
(1.27103 0.114603 0.00752804)
(1.299 0.0823657 0.00727078)
(1.32049 0.0439737 0.00625199)
(1.05961 0.199795 -0.000401037)
(1.08112 0.194147 0.000139837)
(1.10593 0.184071 0.00111042)
(1.13369 0.170144 0.00239001)
(1.16344 0.153409 0.00376457)
(1.19387 0.134805 0.00497178)
(1.22366 0.114542 0.00576687)
(1.25147 0.0918854 0.00597939)
(1.27584 0.0655526 0.00554073)
(1.29504 0.034502 0.00448341)
(1.0615 0.179567 -0.00066083)
(1.0819 0.171106 -1.53136e-05)
(1.10518 0.158859 0.000966893)
(1.13072 0.143721 0.00213974)
(1.15749 0.126933 0.00329224)
(1.1843 0.109492 0.00419816)
(1.21009 0.0916033 0.00467317)
(1.23394 0.0725461 0.00461313)
(1.25489 0.0510514 0.00400205)
(1.27168 0.0259848 0.00289846)
(1.06354 0.160521 -0.000750047)
(1.08307 0.149942 -1.54772e-05)
(1.10498 0.136241 0.000957208)
(1.12848 0.120534 0.00200753)
(1.15251 0.104143 0.00293602)
(1.17603 0.0880285 0.00355433)
(1.19821 0.0723396 0.00373251)
(1.21848 0.0563519 0.00342203)
(1.23622 0.0388368 0.00264965)
(1.2506 0.0186445 0.00149538)
(1.06596 0.142735 -0.000664997)
(1.08473 0.130643 0.000133094)
(1.10534 0.116096 0.00107025)
(1.12691 0.100341 0.00198101)
(1.14843 0.0846913 0.00268374)
(1.16898 0.07001 0.00302803)
(1.18794 0.0563603 0.00293199)
(1.20499 0.043011 0.00239297)
(1.21979 0.0287885 0.00147175)
(1.23182 0.0125746 0.000265394)
(1.0688 0.126175 -0.000408654)
(1.08684 0.113107 0.00042083)
(1.10619 0.0982357 0.0012938)
(1.12594 0.0828575 0.00204767)
(1.14515 0.0682092 0.00252299)
(1.16303 0.055023 0.00260608)
(1.17915 0.0432668 0.0022569)
(1.19334 0.0322045 0.00151012)
(1.20549 0.0207271 0.00045296)
(1.21531 0.00777444 -0.000804518)
(1.07199 0.110743 1.26125e-05)
(1.08929 0.0971811 0.00083739)
(1.1074 0.0824324 0.00161649)
(1.12544 0.0677747 0.00219644)
(1.14254 0.0543241 0.00244262)
(1.15806 0.0426641 0.00227604)
(1.17168 0.0326703 0.00169261)
(1.18337 0.023609 0.000756973)
(1.19316 0.0144412 -0.000423578)
(1.20094 0.0041788 -0.00172966)
(1.0754 0.0963042 0.000590994)
(1.09193 0.0826818 0.00137305)
(1.10883 0.0684385 0.00202872)
(1.12527 0.0547806 0.00241835)
(1.14047 0.042674 0.00243344)
(1.1539 0.0325507 0.00202706)
(1.16537 0.024204 0.00122571)
(1.1749 0.0169107 0.000117749)
(1.18264 0.0097063 -0.00117471)
(1.18859 0.00168134 -0.0025261)
(1.07886 0.0827123 0.0013183)
(1.0946 0.0694153 0.00201932)
(1.11033 0.0560027 0.00252297)
(1.12529 0.0435693 0.00270676)
(1.1388 0.0329156 0.00248845)
(1.15043 0.0243275 0.00185029)
(1.16005 0.0175283 0.000844554)
(1.16776 0.0118146 -0.000421861)
(1.17373 0.00629865 -0.00181628)
(1.17807 0.000152541 -0.00320965)
(1.0822 0.0698213 0.00218647)
(1.09714 0.0571883 0.00276908)
(1.11178 0.0448793 0.00309374)
(1.12539 0.0338498 0.00305714)
(1.13741 0.0247296 0.00260272)
(1.1475 0.0176684 0.00173891)
(1.15557 0.0123332 0.000539511)
(1.16175 0.0080481 -0.000874254)
(1.16625 0.00400323 -0.00236259)
(1.16921 -0.000547474 -0.00379508)
(1.08527 0.0574959 0.00318772)
(1.09943 0.0458177 0.00361649)
(1.11303 0.0348365 0.00373716)
(1.12545 0.0253514 0.00346676)
(1.13619 0.0178232 0.00277316)
(1.14498 0.0122779 0.001688)
(1.15177 0.00833891 0.000303)
(1.15671 0.00536324 -0.00124974)
(1.16 0.00261861 -0.00282598)
(1.16182 -0.000560144 -0.00429567)
(1.08792 0.0456173 0.00431457)
(1.10133 0.035136 0.00455671)
(1.114 0.0256612 0.00445074)
(1.12537 0.0178269 0.00393431)
(1.13502 0.0119315 0.00299815)
(1.14275 0.00789075 0.00169434)
(1.14853 0.00529447 0.00012936)
(1.15249 0.0035361 -0.00155655)
(1.15483 0.00195912 -0.00321676)
(1.15573 -2.29549e-05 -0.0047229)
(1.09004 0.0340869 0.0055598)
(1.10276 0.0249959 0.00558564)
(1.11459 0.017163 0.00523286)
(1.12506 0.0110551 0.00445948)
(1.13383 0.0068183 0.00327727)
(1.14071 0.00427045 0.00175612)
(1.14571 0.00297602 1.46672e-05)
(1.14893 0.00236572 -0.0018009)
(1.15054 0.00185528 -0.00354313)
(1.15075 0.000933693 -0.00508628)
(1.09154 0.0228277 0.00691633)
(1.10363 0.0152724 0.00669962)
(1.11474 0.00917593 0.00608252)
(1.12447 0.00484195 0.00504265)
(1.13252 0.00227543 0.00361092)
(1.13877 0.00120822 0.00187269)
(1.14319 0.00118497 -4.34981e-05)
(1.14589 0.00167236 -0.00198721)
(1.147 0.00215329 -0.00381131)
(1.14671 0.00218792 -0.00539336)
(1.09236 0.0117843 0.00837707)
(1.1039 0.00586349 0.00789521)
(1.1144 0.00155978 0.00699897)
(1.12352 -0.000979455 0.00568452)
(1.13104 -0.00187763 0.00400006)
(1.13683 -0.00147859 0.00204426)
(1.14087 -0.000253944 -4.62894e-05)
(1.14324 0.00129573 -0.00211826)
(1.14405 0.00271398 -0.00402564)
(1.14345 0.00362669 -0.00564972)
(1.09248 0.000921475 0.00993492)
(1.10353 -0.00330969 0.00916895)
(1.11353 -0.0058004 0.00798144)
(1.12219 -0.00654917 0.0063859)
(1.12932 -0.00579489 0.00444596)
(1.13482 -0.003948 0.00227169)
(1.13866 -0.00149442 6.15918e-06)
(1.14087 0.00109326 -0.00219544)
(1.14156 0.00341157 -0.0041888)
(1.14083 0.00514557 -0.00585916)
(1.09187 -0.00977782 0.0115826)
(1.10251 -0.0123046 0.0105172)
(1.11211 -0.0129952 0.00902897)
(1.12043 -0.0119816 0.00714748)
(1.12732 -0.00960517 0.00494996)
(1.13268 -0.0063348 0.00255622)
(1.13646 -0.00267008 0.000114497)
(1.13869 0.000938724 -0.00221898)
(1.1394 0.00413253 -0.00430198)
(1.13871 0.00664811 -0.00602375)
(1.09054 -0.0203153 0.0133125)
(1.10084 -0.0211593 0.0119359)
(1.11014 -0.0200927 0.0101402)
(1.11824 -0.0173671 0.00796961)
(1.12501 -0.0134136 0.0055133)
(1.13035 -0.008752 0.0028993)
(1.13422 -0.00389577 0.000279932)
(1.13658 0.000721022 -0.00218819)
(1.13747 0.00477466 -0.00436514)
(1.13695 0.0080453 -0.00614412)
(1.08852 -0.0306806 0.0151168)
(1.09855 -0.0298949 0.0134207)
(1.10763 -0.0271406 0.0113134)
(1.11561 -0.0227741 0.00885224)
(1.12236 -0.0173032 0.00613696)
(1.1278 -0.0112923 0.00330241)
(1.13186 -0.00526868 0.00050403)
(1.13449 0.000343357 -0.00210166)
(1.13567 0.00524637 -0.00437719)
(1.13544 0.00925515 -0.00621959)
(1.08583 -0.0408542 0.0169876)
(1.09566 -0.0385189 0.0149667)
(1.1046 -0.0341692 0.0125461)
(1.11254 -0.0282512 0.0097948)
(1.11937 -0.0213371 0.00682156)
(1.125 -0.0140292 0.00376688)
(1.12935 -0.00686931 0.000788525)
(1.13233 -0.000277433 -0.00195751)
(1.1339 0.00546631 -0.00433626)
(1.13408 0.0102024 -0.00624843)
)
;

boundaryField
{
    down
    {
        type            symmetryPlane;
    }
    right
    {
        type            zeroGradient;
    }
    up
    {
        type            symmetryPlane;
    }
    left
    {
        type            uniformFixedValue;
        uniformValue    constant (1 0 0);
        value           uniform (1 0 0);
    }
    cylinder
    {
        type            symmetry;
    }
    defaultFaces
    {
        type            empty;
    }
}


// ************************************************************************* //
