/*--------------------------------*- C++ -*----------------------------------*\
| =========                 |                                                 |
| \\      /  F ield         | OpenFOAM: The Open Source CFD Toolbox           |
|  \\    /   O peration     | Version:  2112                                  |
|   \\  /    A nd           | Website:  www.openfoam.com                      |
|    \\/     M anipulation  |                                                 |
\*---------------------------------------------------------------------------*/
FoamFile
{
    version     2.0;
    format      ascii;
    arch        "LSB;label=32;scalar=64";
    class       volVectorField;
    location    "0";
    object      U_nn;
}
// * * * * * * * * * * * * * * * * * * * * * * * * * * * * * * * * * * * * * //

dimensions      [0 1 -1 0 0 0 0];

internalField   nonuniform List<vector> 
2000
(
(1.0816 -0.962612 0.00114573)
(1.09902 -0.838164 0.00481602)
(1.10868 -0.722216 0.0071584)
(1.11061 -0.619537 0.00800394)
(1.10768 -0.532068 0.00755177)
(1.10297 -0.459447 0.00623013)
(1.0983 -0.399907 0.00451215)
(1.09431 -0.351165 0.00277943)
(1.0909 -0.311019 0.00127016)
(1.08781 -0.277623 9.22481e-05)
(1.21803 -0.918668 0.000397083)
(1.226 -0.801167 0.00340724)
(1.22327 -0.69171 0.00530402)
(1.21185 -0.594834 0.00599075)
(1.19618 -0.512201 0.00562696)
(1.18021 -0.443358 0.00454208)
(1.16604 -0.386657 0.00311099)
(1.15422 -0.340025 0.00164848)
(1.14442 -0.301472 0.000360189)
(1.13611 -0.269307 -0.000654167)
(1.35236 -0.847816 -0.00114088)
(1.34951 -0.738593 0.00131514)
(1.33339 -0.637893 0.00291584)
(1.30805 -0.549541 0.00359747)
(1.27945 -0.474522 0.00345163)
(1.25231 -0.412025 0.00269927)
(1.22891 -0.360382 0.001621)
(1.20961 -0.317705 0.000473523)
(1.19381 -0.282239 -0.000562405)
(1.18067 -0.252509 -0.00139046)
(1.47928 -0.755961 -0.00313621)
(1.46446 -0.656194 -0.00110437)
(1.43438 -0.566085 0.000352013)
(1.39511 -0.488379 0.00116508)
(1.35398 -0.423099 0.00133785)
(1.31627 -0.368885 0.000980765)
(1.28432 -0.323957 0.000288845)
(1.25824 -0.28659 -0.00052847)
(1.2371 -0.255294 -0.00130679)
(1.21975 -0.228851 -0.00194796)
(1.5939 -0.649796 -0.00523119)
(1.56646 -0.560376 -0.00348225)
(1.52255 -0.482102 -0.00203555)
(1.47006 -0.416435 -0.000991783)
(1.41739 -0.362277 -0.00044408)
(1.37021 -0.317608 -0.000384466)
(1.33077 -0.280471 -0.000690549)
(1.29886 -0.249289 -0.001189)
(1.27322 -0.222848 -0.00172452)
(1.2524 -0.200221 -0.00219316)
(1.69221 -0.535552 -0.00711076)
(1.65223 -0.45698 -0.00550771)
(1.59544 -0.391136 -0.00396956)
(1.53117 -0.338152 -0.00264565)
(1.46856 -0.295781 -0.00171736)
(1.41341 -0.261296 -0.00126119)
(1.36778 -0.232522 -0.00121158)
(1.33115 -0.208001 -0.00142172)
(1.30194 -0.186796 -0.00174095)
(1.2784 -0.168278 -0.00205811)
(1.77135 -0.418232 -0.00854005)
(1.71972 -0.350593 -0.00696487)
(1.65177 -0.297165 -0.00527763)
(1.57783 -0.256836 -0.00367737)
(1.50733 -0.226292 -0.00241142)
(1.446 -0.202115 -0.00161506)
(1.39564 -0.181883 -0.0012628)
(1.35546 -0.164218 -0.00122754)
(1.32359 -0.148431 -0.0013623)
(1.29806 -0.134181 -0.00155012)
(1.82957 -0.30139 -0.00937055)
(1.76793 -0.244407 -0.00773586)
(1.69122 -0.20288 -0.00588819)
(1.61017 -0.174637 -0.0040639)
(1.53415 -0.155459 -0.00254398)
(1.4686 -0.141314 -0.00149261)
(1.41503 -0.129514 -0.000908146)
(1.37243 -0.118714 -0.000679083)
(1.33877 -0.108419 -0.000664335)
(1.3119 -0.0985462 -0.000745135)
(1.86601 -0.187311 -0.00952704)
(1.79663 -0.140437 -0.00778313)
(1.71398 -0.109939 -0.00580623)
(1.6287 -0.0928168 -0.00384834)
(1.54967 -0.0841705 -0.00218801)
(1.4819 -0.079475 -0.000988253)
(1.42664 -0.0757854 -0.000256248)
(1.38273 -0.0717279 0.000106299)
(1.34806 -0.0669414 0.00023054)
(1.32043 -0.0615449 0.000231352)
(1.8805 -0.0773592 -0.00898795)
(1.80603 -0.0398876 -0.00712472)
(1.72049 -0.0193417 -0.00508374)
(1.63392 -0.0121297 -0.00310714)
(1.55441 -0.0129251 -0.0014375)
(1.48641 -0.0168688 -0.000210069)
(1.43092 -0.020794 0.0005727)
(1.38676 -0.0232521 0.000998093)
(1.35183 -0.023941 0.00118319)
(1.32397 -0.0231197 0.0012329)
(0.196041 -0.296402 -0.0296506)
(0.270518 -0.167916 -0.0178484)
(0.357545 -0.0918908 -0.00751958)
(0.443286 -0.0579876 -0.00062468)
(0.518813 -0.0525526 0.00255551)
(0.581183 -0.060888 0.00309053)
(0.631275 -0.0717497 0.00232812)
(0.671393 -0.0794906 0.00118474)
(0.704025 -0.0827644 7.07374e-05)
(0.731375 -0.0822089 -0.000904191)
(0.243988 -0.376239 -0.0256118)
(0.315323 -0.247049 -0.0145474)
(0.397708 -0.165474 -0.00511708)
(0.478576 -0.122693 0.000964465)
(0.550033 -0.106946 0.00355446)
(0.609466 -0.105475 0.00371234)
(0.657573 -0.108273 0.00272182)
(0.696335 -0.109969 0.00145314)
(0.727965 -0.1089 0.000292436)
(0.754471 -0.105228 -0.000669031)
(0.297727 -0.46572 -0.0215858)
(0.364888 -0.33446 -0.0113256)
(0.441745 -0.245707 -0.00278083)
(0.517045 -0.192446 0.00255665)
(0.583891 -0.165037 0.00463247)
(0.639958 -0.152737 0.00446052)
(0.685745 -0.146735 0.00325313)
(0.722885 -0.141867 0.00184528)
(0.753284 -0.136099 0.000614465)
(0.778738 -0.12909 -0.000354556)
(0.358807 -0.561723 -0.0175443)
(0.421062 -0.427858 -0.00812581)
(0.491658 -0.331184 -0.000452768)
(0.560659 -0.266656 0.00418707)
(0.622166 -0.226833 0.00579764)
(0.674185 -0.202986 0.0053267)
(0.717057 -0.187502 0.0039079)
(0.752079 -0.175455 0.00234417)
(0.78083 -0.164472 0.00101415)
(0.804868 -0.153729 6.97355e-06)
(0.428843 -0.660124 -0.0135123)
(0.485715 -0.523878 -0.00495234)
(0.549444 -0.419394 0.00186162)
(0.611391 -0.343647 0.00583292)
(0.666689 -0.291351 0.00700924)
(0.713764 -0.255717 0.00626326)
(0.752888 -0.23033 0.00464277)
(0.785071 -0.210586 0.00291452)
(0.811569 -0.19387 0.00146064)
(0.833674 -0.17893 0.000382551)
(0.509341 -0.755607 -0.0095871)
(0.560542 -0.617821 -0.0018875)
(0.616887 -0.506406 0.00408104)
(0.671017 -0.42031 0.00740453)
(0.719142 -0.356261 0.00817007)
(0.760222 -0.309259 0.00717472)
(0.794584 -0.274048 0.00537483)
(0.823025 -0.246432 0.00349166)
(0.846497 -0.223672 0.0019059)
(0.86602 -0.204185 0.000733752)
(0.60147 -0.841742 -0.00594386)
(0.646806 -0.703678 0.000903511)
(0.695277 -0.586849 0.00604555)
(0.740806 -0.49204 0.00874441)
(0.780745 -0.417765 0.00912661)
(0.814706 -0.360589 0.00791744)
(0.843191 -0.316324 0.00597858)
(0.866873 -0.281227 0.003975)
(0.886445 -0.252549 0.00227573)
(0.902649 -0.228482 0.00100842)
(0.705777 -0.911461 -0.00282074)
(0.745022 -0.774587 0.00318903)
(0.785067 -0.654343 0.00753433)
(0.821161 -0.553112 0.00964569)
(0.85188 -0.470887 0.00968764)
(0.877597 -0.40552 0.00831737)
(0.899092 -0.353732 0.00630069)
(0.916991 -0.312234 0.00423696)
(0.931772 -0.278352 0.00247191)
(0.943914 -0.25015 0.00113725)
(0.821869 -0.95796 -0.000476212)
(0.854631 -0.823787 0.0047166)
(0.88554 -0.702447 0.00831246)
(0.911276 -0.597583 0.00989795)
(0.93174 -0.510293 0.00966808)
(0.948154 -0.439382 0.00821167)
(0.961648 -0.382287 0.00619802)
(0.972846 -0.336123 0.00415484)
(0.982045 -0.298345 0.00239518)
(0.989477 -0.266978 0.00104686)
(0.948134 -0.97591 0.000877495)
(0.973736 -0.845895 0.00528429)
(0.99458 -0.725965 0.00820262)
(1.00894 -0.620581 0.00935547)
(1.01815 -0.531502 0.00895218)
(1.02434 -0.458129 0.00750692)
(1.02902 -0.398401 0.00559148)
(1.03282 -0.349767 0.0036597)
(1.03585 -0.309844 0.00198706)
(1.03812 -0.276686 0.000692089)
(0.754808 -0.0786535 -0.00174309)
(0.775844 -0.0730782 -0.00247592)
(0.795464 -0.0664347 -0.0031025)
(0.814083 -0.0591604 -0.00361425)
(0.831818 -0.0515894 -0.00399343)
(0.848559 -0.0440105 -0.00422017)
(0.86406 -0.0367023 -0.00427843)
(0.878032 -0.0299457 -0.00416029)
(0.890247 -0.0240163 -0.00386847)
(0.900611 -0.0191584 -0.0034169)
(0.909198 -0.0155492 -0.00282955)
(0.916235 -0.0132651 -0.00213829)
(0.92205 -0.0122606 -0.00138002)
(0.927002 -0.012367 -0.000593775)
(0.931428 -0.01331 0.000182211)
(0.935601 -0.0147423 0.000913035)
(0.939709 -0.0162823 0.00156922)
(0.943861 -0.0175506 0.00212818)
(0.948098 -0.0182004 0.00257496)
(0.952407 -0.0179368 0.00290243)
(0.776485 -0.09881 -0.0014637)
(0.795595 -0.0904927 -0.0021454)
(0.813425 -0.0816096 -0.00272282)
(0.830357 -0.0724089 -0.00319737)
(0.846501 -0.0631206 -0.00355543)
(0.861761 -0.0539844 -0.00377738)
(0.87591 -0.0452618 -0.00384497)
(0.888672 -0.0372335 -0.00374689)
(0.899824 -0.0301804 -0.00348229)
(0.909267 -0.0243517 -0.0030622)
(0.917064 -0.0199237 -0.00250885)
(0.923427 -0.016964 -0.00185342)
(0.928668 -0.015408 -0.001133)
(0.933133 -0.0150596 -0.0003871)
(0.937138 -0.0156114 0.000345622)
(0.940938 -0.0166818 0.0010303)
(0.944702 -0.0178574 0.00163806)
(0.948524 -0.0187333 0.00214746)
(0.952428 -0.0189442 0.00254513)
(0.956397 -0.0181842 0.00282581)
(0.799048 -0.119681 -0.00111952)
(0.815945 -0.108588 -0.00175661)
(0.831787 -0.0975079 -0.00228595)
(0.846902 -0.0864512 -0.00272339)
(0.86138 -0.075505 -0.00306229)
(0.875126 -0.0648346 -0.00328447)
(0.887921 -0.0546728 -0.00336945)
(0.899497 -0.0452999 -0.00330173)
(0.909624 -0.0370113 -0.00307572)
(0.918188 -0.0300753 -0.00269831)
(0.925229 -0.0246849 -0.00218892)
(0.93094 -0.0209141 -0.00157745)
(0.935619 -0.0186923 -0.000900937)
(0.939596 -0.0178023 -0.000199574)
(0.943177 -0.0179046 0.000487211)
(0.946599 -0.0185789 0.00112408)
(0.950019 -0.019373 0.00168228)
(0.953513 -0.0198474 0.00214111)
(0.957095 -0.0196094 0.00248853)
(0.960736 -0.0183347 0.002721)
(0.823016 -0.141056 -0.000750689)
(0.837246 -0.127069 -0.00135159)
(0.85079 -0.113801 -0.00183153)
(0.863887 -0.100967 -0.00222631)
(0.876575 -0.0884595 -0.00254072)
(0.888737 -0.0763287 -0.00276063)
(0.900146 -0.0647548 -0.00286438)
(0.91053 -0.0540092 -0.00283203)
(0.919642 -0.0444067 -0.0026522)
(0.927343 -0.0362491 -0.00232626)
(0.933643 -0.0297647 -0.00186946)
(0.938712 -0.0250541 -0.00130944)
(0.942827 -0.0220558 -0.000682708)
(0.946309 -0.0205416 -3.00689e-05)
(0.949455 -0.020142 0.000607974)
(0.952492 -0.0203943 0.00119518)
(0.955564 -0.020799 0.00170244)
(0.958733 -0.0208717 0.00210943)
(0.962002 -0.0201824 0.00240518)
(0.965331 -0.0183795 0.00258787)
(0.84901 -0.162654 -0.000394986)
(0.859918 -0.1456 -0.000971463)
(0.870708 -0.130113 -0.00140112)
(0.881484 -0.115573 -0.00174417)
(0.892192 -0.101629 -0.00202229)
(0.902656 -0.0881654 -0.0022297)
(0.912615 -0.075271 -0.00234599)
(0.921773 -0.063187 -0.00234753)
(0.929858 -0.0522438 -0.00221658)
(0.936694 -0.042787 -0.00194759)
(0.942254 -0.0351001 -0.00155007)
(0.946676 -0.0293327 -0.00104801)
(0.950218 -0.0254534 -0.000476509)
(0.953192 -0.0232365 0.000123297)
(0.955888 -0.022288 0.000709711)
(0.95853 -0.0220996 0.00124522)
(0.961249 -0.0221158 0.00169993)
(0.964096 -0.0217955 0.00205354)
(0.967062 -0.02066 0.00229599)
(0.970093 -0.0183202 0.00242715)
(0.877724 -0.184067 -8.66135e-05)
(0.884456 -0.163821 -0.000651761)
(0.891876 -0.146063 -0.00103324)
(0.899902 -0.12987 -0.00131541)
(0.908348 -0.114622 -0.00154151)
(0.91694 -0.0999949 -0.00171956)
(0.925347 -0.0859359 -0.00183451)
(0.93322 -0.0726197 -0.00186119)
(0.940245 -0.060375 -0.00177584)
(0.946199 -0.0495932 -0.00156501)
(0.951009 -0.0406294 -0.00123074)
(0.954774 -0.0337075 -0.000791656)
(0.957728 -0.0288516 -0.000280176)
(0.960175 -0.0258581 0.000262906)
(0.962405 -0.0243177 0.000794783)
(0.964637 -0.0236759 0.00127641)
(0.966997 -0.0233122 0.00167676)
(0.969526 -0.0226165 0.00197522)
(0.972199 -0.0210472 0.0021625)
(0.97495 -0.0181669 0.00224022)
(0.90981 -0.204624 0.00014007)
(0.911381 -0.181294 -0.000420537)
(0.914678 -0.161281 -0.000758534)
(0.919397 -0.143483 -0.000973939)
(0.925194 -0.127056 -0.00113222)
(0.931663 -0.111451 -0.00126015)
(0.938364 -0.0964319 -0.00135342)
(0.944863 -0.082059 -0.00138923)
(0.950776 -0.0686253 -0.00133957)
(0.95582 -0.0565561 -0.00118289)
(0.959863 -0.0462871 -0.000912321)
(0.962954 -0.0381408 -0.000539173)
(0.965303 -0.032226 -9.14708e-05)
(0.967203 -0.0283873 0.00039139)
(0.968947 -0.0262153 0.000865883)
(0.970755 -0.0251119 0.00129135)
(0.97275 -0.024384 0.00163533)
(0.974963 -0.0233382 0.00187665)
(0.977355 -0.0213551 0.00200665)
(0.979843 -0.0179354 0.0020289)
(0.945671 -0.223232 0.000244973)
(0.941118 -0.197408 -0.000300453)
(0.939489 -0.175369 -0.000597618)
(0.940257 -0.156074 -0.000744686)
(0.942918 -0.138589 -0.000823106)
(0.946925 -0.122187 -0.000880167)
(0.951704 -0.106435 -0.00092765)
(0.9567 -0.0912333 -0.00095047)
(0.96143 -0.0767933 -0.000919916)
(0.965523 -0.0635441 -0.000807572)
(0.968775 -0.0519979 -0.000596874)
(0.971178 -0.0425937 -0.000289927)
(0.972904 -0.0355567 9.16664e-05)
(0.974236 -0.0308114 0.000511417)
(0.975473 -0.027971 0.000925837)
(0.976842 -0.0264011 0.0012928)
(0.978465 -0.0253303 0.00157823)
(0.980365 -0.0239671 0.00176019)
(0.982487 -0.0215972 0.00183062)
(0.984732 -0.017644 0.00179521)
(0.985215 -0.238347 0.000183616)
(0.973818 -0.211279 -0.000312169)
(0.966563 -0.187826 -0.00056214)
(0.962742 -0.167315 -0.000641316)
(0.961728 -0.148934 -0.000633669)
(0.962858 -0.131906 -0.000603208)
(0.965429 -0.115643 -0.000580808)
(0.968745 -0.0998679 -0.000564843)
(0.97219 -0.0846593 -0.000531131)
(0.97528 -0.0704051 -0.000447408)
(0.977715 -0.0576719 -0.000287903)
(0.979413 -0.0470214 -4.41248e-05)
(0.9805 -0.0388243 0.000270906)
(0.981246 -0.0331214 0.000625528)
(0.981956 -0.0295785 0.000977466)
(0.98287 -0.0275393 0.00128356)
(0.984114 -0.026151 0.00150811)
(0.985704 -0.0245097 0.0016283)
(0.98757 -0.0217866 0.00163665)
(0.989593 -0.0173107 0.00154129)
(1.02766 -0.248213 -7.71192e-05)
(1.0092 -0.221781 -0.00047283)
(0.995899 -0.198002 -0.000657174)
(0.986992 -0.176836 -0.000666871)
(0.981797 -0.157841 -0.000572203)
(0.979604 -0.140375 -0.000444371)
(0.979622 -0.123807 -0.000332008)
(0.981027 -0.10771 -0.000251214)
(0.983051 -0.0919997 -0.000188417)
(0.985067 -0.0769709 -0.000112391)
(0.986652 -0.0632024 9.60507e-06)
(0.98763 -0.0513685 0.000197029)
(0.988067 -0.0420052 0.000447375)
(0.988213 -0.0353083 0.000736016)
(0.988379 -0.0310329 0.00102349)
(0.988823 -0.0285227 0.0012664)
(0.989681 -0.0268452 0.00142762)
(0.990965 -0.0249705 0.00148341)
(0.992589 -0.0219343 0.00142699)
(0.994411 -0.0169509 0.0012693)
(1.06189 -0.239502 -0.000720202)
(1.03958 -0.217258 -0.000879757)
(1.0225 -0.196129 -0.000888877)
(1.01008 -0.176585 -0.000764411)
(1.00173 -0.158604 -0.000557408)
(0.996805 -0.141834 -0.000329182)
(0.994527 -0.125792 -0.000128822)
(0.994038 -0.110087 2.08817e-05)
(0.994509 -0.0946007 0.000126107)
(0.995243 -0.0795856 0.000214131)
(0.995758 -0.0656164 0.000318737)
(0.995834 -0.0534172 0.000464567)
(0.995505 -0.0436126 0.00065625)
(0.994998 -0.0364924 0.000876026)
(0.994612 -0.0318764 0.00108975)
(0.994593 -0.0291236 0.0012576)
(0.995068 -0.0272676 0.00134483)
(0.996035 -0.0252122 0.00132965)
(0.997397 -0.0219174 0.00120744)
(0.998992 -0.0165313 0.000991955)
(1.08227 -0.217769 -0.00138219)
(1.05991 -0.200815 -0.00128159)
(1.04207 -0.183817 -0.00108037)
(1.02848 -0.167372 -0.000797983)
(1.01875 -0.151666 -0.000475754)
(1.01235 -0.136568 -0.000162332)
(1.00858 -0.121788 0.00010248)
(1.00663 -0.107076 0.000299666)
(1.00572 -0.092404 0.000434736)
(1.00519 -0.0780651 0.000532327)
(1.00458 -0.0646514 0.000624044)
(1.0037 -0.0528921 0.000734416)
(1.00258 -0.0434152 0.000870592)
(1.00145 -0.0365161 0.00101961)
(1.00056 -0.032023 0.00115343)
(1.00014 -0.0293037 0.00123853)
(1.00027 -0.0273988 0.00124578)
(1.00093 -0.0252147 0.00115783)
(1.00203 -0.0217104 0.000973426)
(1.00337 -0.0160317 0.000708763)
(1.09741 -0.196704 -0.00179822)
(1.07585 -0.1841 -0.00151967)
(1.05806 -0.170704 -0.00116973)
(1.04401 -0.157111 -0.000772157)
(1.03349 -0.143601 -0.000363813)
(1.02607 -0.130184 1.41624e-05)
(1.02115 -0.116718 0.000327894)
(1.01802 -0.103073 0.000560601)
(1.01596 -0.0893033 0.00071661)
(1.01434 -0.0757434 0.00081771)
(1.01277 -0.0629984 0.000893043)
(1.01106 -0.0517958 0.000966628)
(1.00928 -0.0427588 0.00104771)
(1.00761 -0.0361813 0.00112773)
(1.00629 -0.0318959 0.00118444)
(1.00551 -0.0292794 0.00119033)
(1.00534 -0.0273814 0.0011216)
(1.00574 -0.0251148 0.000965152)
(1.00659 -0.021441 0.000722847)
(1.00772 -0.0155071 0.000413127)
(1.1084 -0.17689 -0.0020039)
(1.08813 -0.167751 -0.00161276)
(1.07094 -0.157375 -0.00116549)
(1.05695 -0.14629 -0.000690291)
(1.04608 -0.134797 -0.000222654)
(1.03802 -0.122986 0.000200204)
(1.03228 -0.11082 0.000547755)
(1.02822 -0.0982676 0.000804149)
(1.02522 -0.08545 0.000972112)
(1.02271 -0.0727401 0.00107048)
(1.02033 -0.0607503 0.00112578)
(1.01794 -0.0501993 0.00116125)
(1.01559 -0.0416966 0.00118784)
(1.01347 -0.0355275 0.00120097)
(1.01179 -0.0315243 0.00118377)
(1.01071 -0.0290717 0.00111437)
(1.01027 -0.0272301 0.000973966)
(1.01044 -0.0249218 0.000753445)
(1.01109 -0.0211146 0.000457572)
(1.01203 -0.0149592 0.000106849)
(1.11621 -0.158573 -0.0020423)
(1.09747 -0.152137 -0.00158672)
(1.08121 -0.144226 -0.00108192)
(1.06762 -0.135277 -0.000559767)
(1.05673 -0.125572 -5.58609e-05)
(1.04833 -0.115241 0.000394311)
(1.04203 -0.104316 0.000761807)
(1.03728 -0.0928402 0.00103078)
(1.03354 -0.0809933 0.0012021)
(1.0303 -0.0691767 0.00129165)
(1.02727 -0.0580043 0.00132337)
(1.02432 -0.0481782 0.0013195)
(1.02152 -0.040286 0.00129236)
(1.01903 -0.0345968 0.00124095)
(1.01706 -0.0309384 0.00115328)
(1.01573 -0.0287014 0.00101268)
(1.01508 -0.0269583 0.000805012)
(1.01506 -0.0246437 0.000524837)
(1.01553 -0.0207343 0.000179633)
(1.0163 -0.0143875 -0.000208208)
(1.12165 -0.141798 -0.00195467)
(1.1045 -0.137441 -0.00146829)
(1.08932 -0.131504 -0.000935185)
(1.07635 -0.124331 -0.000389794)
(1.06568 -0.116171 0.000131638)
(1.05717 -0.107166 0.000594191)
(1.05051 -0.0973949 0.000969452)
(1.04527 -0.0869556 0.00124103)
(1.04096 -0.0760733 0.00140782)
(1.03716 -0.0651705 0.00148293)
(1.03362 -0.0548559 0.00148776)
(1.03023 -0.0458078 0.00144351)
(1.02708 -0.0385842 0.00136358)
(1.02431 -0.0334314 0.00125008)
(1.02211 -0.0301678 0.00109548)
(1.02059 -0.0281884 0.000887811)
(1.01976 -0.0265784 0.000617221)
(1.01958 -0.0242866 0.000281683)
(1.0199 -0.0203017 -0.000108817)
(1.02055 -0.0137899 -0.000530138)
(1.12533 -0.126504 -0.00177624)
(1.10973 -0.123727 -0.0012816)
(1.09568 -0.119347 -0.000740774)
(1.08345 -0.113627 -0.000189768)
(1.07314 -0.106776 0.000334536)
(1.06468 -0.0989374 0.000797262)
(1.05785 -0.0902178 0.00116998)
(1.05227 -0.0807578 0.0014355)
(1.04755 -0.0708166 0.00159084)
(1.04333 -0.0608301 0.00164649)
(1.0394 -0.0513953 0.00162153)
(1.03569 -0.0431601 0.0015361)
(1.03228 -0.0366464 0.00140445)
(1.02931 -0.0320713 0.00123141)
(1.02694 -0.0292403 0.00101337)
(1.02527 -0.0275508 0.000742663)
(1.02432 -0.0261008 0.000413324)
(1.02401 -0.0238553 2.64769e-05)
(1.02422 -0.019817 -0.000405557)
(1.02476 -0.0131629 -0.000857021)
(1.12768 -0.112581 -0.0015353)
(1.11355 -0.110991 -0.0010469)
(1.10063 -0.107823 -0.000512303)
(1.08917 -0.103274 3.16842e-05)
(1.07931 -0.0975169 0.000547781)
(1.07103 -0.0906884 0.00100102)
(1.06414 -0.0829154 0.00136276)
(1.05836 -0.074369 0.00161496)
(1.05336 -0.065334 0.00175292)
(1.04885 -0.0562527 0.00178484)
(1.04465 -0.0477045 0.00172769)
(1.04072 -0.0403013 0.00160057)
(1.03713 -0.0345231 0.0014184)
(1.03403 -0.0305535 0.00118834)
(1.03156 -0.0281811 0.000910266)
(1.02979 -0.0268043 0.000580354)
(1.02874 -0.0255342 0.000196182)
(1.02835 -0.0233529 -0.000238218)
(1.02847 -0.0192793 -0.000708352)
(1.02893 -0.0125024 -0.00118696)
(1.12903 -0.0999064 -0.00125394)
(1.11627 -0.0991912 -0.000780496)
(1.10442 -0.0969533 -0.000261176)
(1.09375 -0.0933368 0.000267076)
(1.08439 -0.0884821 0.000766869)
(1.07635 -0.0825201 0.00120321)
(1.06951 -0.0755913 0.00154725)
(1.06364 -0.0678903 0.00178022)
(1.05847 -0.0597198 0.00189595)
(1.05377 -0.0515228 0.00190066)
(1.04939 -0.0438559 0.00180943)
(1.04533 -0.0372903 0.00164043)
(1.04165 -0.0322598 0.00140905)
(1.03848 -0.0289108 0.00112447)
(1.03596 -0.0270123 0.000789609)
(1.03414 -0.0259625 0.000404079)
(1.03304 -0.0248854 -3.13132e-05)
(1.03259 -0.0227816 -0.000509851)
(1.03266 -0.0186869 -0.001015)
(1.03306 -0.011804 -0.00151809)
(1.12962 -0.0883645 -0.000949309)
(1.1181 -0.0882745 -0.000495448)
(1.10726 -0.0867351 3.21658e-06)
(1.09735 -0.0838487 0.000510063)
(1.08851 -0.0797305 0.000987897)
(1.08077 -0.0745059 0.00140187)
(1.07405 -0.068326 0.00172307)
(1.06817 -0.0614031 0.00193218)
(1.06292 -0.0540526 0.00202184)
(1.05812 -0.0467122 0.00199662)
(1.05367 -0.0399118 0.00186999)
(1.04955 -0.0341781 0.00165921)
(1.04584 -0.0298958 0.00138006)
(1.04267 -0.0271714 0.0010434)
(1.04014 -0.0257526 0.000654822)
(1.03832 -0.0250366 0.000216992)
(1.0372 -0.02416 -0.000266335)
(1.03673 -0.0221424 -0.000785945)
(1.03678 -0.0180379 -0.00132339)
(1.03714 -0.0110633 -0.00184865)
(1.12961 -0.0778483 -0.000634842)
(1.11921 -0.0781815 -0.000202229)
(1.10931 -0.0771498 0.000273125)
(1.10013 -0.0748236 0.000755262)
(1.09181 -0.0712993 0.00120747)
(1.0844 -0.0666983 0.00159526)
(1.07785 -0.0611805 0.00188987)
(1.07203 -0.0549722 0.00207166)
(1.06678 -0.048396 0.0021324)
(1.06196 -0.0418804 0.0020753)
(1.0575 -0.0359243 0.00191246)
(1.0534 -0.0310077 0.00166034)
(1.04973 -0.0274643 0.00133497)
(1.0466 -0.025359 0.000948613)
(1.04412 -0.0244178 0.00050919)
(1.04233 -0.0240355 2.21064e-05)
(1.04124 -0.023362 -0.000506191)
(1.04077 -0.0214359 -0.00106415)
(1.04082 -0.0173301 -0.00163151)
(1.04116 -0.010276 -0.00217697)
(1.12913 -0.0682622 -0.000321149)
(1.11974 -0.0688534 9.06608e-05)
(1.1107 -0.0681711 0.000542074)
(1.1022 -0.0662623 0.00099804)
(1.09439 -0.0632098 0.00142257)
(1.08732 -0.0591331 0.00178178)
(1.08098 -0.0542002 0.00204727)
(1.07528 -0.0486476 0.00219936)
(1.07009 -0.042801 0.00222922)
(1.06532 -0.0370753 0.00213902)
(1.06092 -0.0319361 0.0019397)
(1.05689 -0.0278145 0.00164698)
(1.05331 -0.0249924 0.00127704)
(1.05028 -0.0234933 0.000843328)
(1.04789 -0.0230202 0.000355767)
(1.04617 -0.0229663 -0.000177778)
(1.04513 -0.0224942 -0.000748382)
(1.04471 -0.0206618 -0.0013423)
(1.04477 -0.0165611 -0.00193753)
(1.04513 -0.00943831 -0.00250152)
(1.1283 -0.0595188 -1.65944e-05)
(1.1198 -0.0602325 0.000376291)
(1.11153 -0.0597681 0.000804605)
(1.10366 -0.0581566 0.00123435)
(1.09633 -0.0554719 0.00163048)
(1.08962 -0.051834 0.00195991)
(1.08352 -0.0474177 0.00219484)
(1.07797 -0.0424671 0.00231582)
(1.07291 -0.037307 0.00231369)
(1.06824 -0.0323352 0.00218984)
(1.06395 -0.0279813 0.00195424)
(1.06005 -0.024627 0.00162197)
(1.05661 -0.0225023 0.00120923)
(1.05372 -0.0215895 0.00073046)
(1.05145 -0.0215698 0.000197318)
(1.04984 -0.0218342 -0.000380122)
(1.04889 -0.0215583 -0.000990638)
(1.04853 -0.0198195 -0.0016184)
(1.04864 -0.0157288 -0.00223973)
(1.04903 -0.00854702 -0.00282089)
(1.1272 -0.051537 0.000272375)
(1.11948 -0.0522624 0.000649085)
(1.11189 -0.0519072 0.00105614)
(1.1046 -0.0504923 0.00146068)
(1.09773 -0.0480875 0.00182871)
(1.09137 -0.044815 0.00212815)
(1.08552 -0.0408557 0.00233204)
(1.08017 -0.0364587 0.00242135)
(1.07527 -0.0319441 0.00238688)
(1.07076 -0.0276894 0.00222945)
(1.06663 -0.0240866 0.00195825)
(1.0629 -0.0214674 0.00158775)
(1.05964 -0.0200109 0.00113412)
(1.05693 -0.0196597 0.000612567)
(1.05481 -0.0200737 3.62808e-05)
(1.05334 -0.0206428 -0.000582673)
(1.0525 -0.0205553 -0.00123093)
(1.05223 -0.0189082 -0.00189069)
(1.05242 -0.0148312 -0.00253662)
(1.05286 -0.00759929 -0.00313382)
(1.12591 -0.0442399 0.000541044)
(1.11886 -0.0448875 0.000904718)
(1.11187 -0.0445522 0.00129295)
(1.1051 -0.0432505 0.00167399)
(1.09865 -0.041052 0.00201501)
(1.09263 -0.0380825 0.00228509)
(1.08706 -0.0345288 0.00245824)
(1.08193 -0.030642 0.00251609)
(1.07722 -0.0267344 0.00244961)
(1.0729 -0.0231601 0.00225924)
(1.06897 -0.0202721 0.00195354)
(1.06545 -0.0183525 0.00154638)
(1.06241 -0.0175312 0.00105388)
(1.0599 -0.0177127 0.000491836)
(1.05798 -0.0185374 -0.000125243)
(1.05667 -0.0193945 -0.000783476)
(1.05597 -0.0194855 -0.0014675)
(1.05582 -0.0179267 -0.00215759)
(1.0561 -0.0138661 -0.00282684)
(1.05661 -0.00659276 -0.00343918)
(1.12449 -0.0375539 0.000786302)
(1.118 -0.038053 0.00114007)
(1.11153 -0.0376656 0.00151214)
(1.10522 -0.036409 0.00187181)
(1.09917 -0.0343559 0.00218747)
(1.09347 -0.0316375 0.0024294)
(1.08817 -0.0284454 0.00257278)
(1.08328 -0.0250303 0.00260003)
(1.07879 -0.0216935 0.00250245)
(1.0747 -0.0187633 0.00228028)
(1.071 -0.0165524 0.00194153)
(1.06773 -0.0152946 0.00149957)
(1.06493 -0.0150724 0.00097032)
(1.06265 -0.0157547 0.000370088)
(1.06094 -0.0169644 -0.000285485)
(1.05983 -0.0180906 -0.000980865)
(1.05929 -0.0183486 -0.0016988)
(1.05929 -0.0168736 -0.00241774)
(1.05968 -0.0128319 -0.00310921)
(1.06027 -0.00552545 -0.00373598)
(1.12299 -0.0314086 0.00100651)
(1.11697 -0.0317046 0.00135321)
(1.11094 -0.0312085 0.00171171)
(1.10502 -0.0299426 0.0020523)
(1.09933 -0.027986 0.00234453)
(1.09394 -0.0254762 0.00255999)
(1.08892 -0.0226088 0.00267504)
(1.08428 -0.0196316 0.00267307)
(1.08004 -0.0168319 0.00254578)
(1.07619 -0.01451 0.00229336)
(1.07275 -0.012938 0.00192336)
(1.06974 -0.0123023 0.00144862)
(1.06721 -0.0126411 0.000884883)
(1.06519 -0.0137901 0.0002488)
(1.06372 -0.0153566 -0.000442992)
(1.06282 -0.0167315 -0.00117345)
(1.06247 -0.0171437 -0.00192355)
(1.06263 -0.0157475 -0.00266997)
(1.06315 -0.0117267 -0.00338269)
(1.06384 -0.0043956 -0.00402335)
(1.12144 -0.0257369 0.00120137)
(1.1158 -0.0257894 0.0015433)
(1.11014 -0.0251417 0.00189055)
(1.10457 -0.0238249 0.00221427)
(1.09919 -0.0219266 0.00248513)
(1.0941 -0.0195917 0.00267601)
(1.08935 -0.0170185 0.00276455)
(1.08497 -0.0144497 0.00273509)
(1.08099 -0.0121556 0.00257987)
(1.07741 -0.010407 0.00229907)
(1.07424 -0.00943525 0.00189985)
(1.07152 -0.00938123 0.00139456)
(1.06927 -0.0102412 0.000798683)
(1.06752 -0.0118212 0.000129132)
(1.06631 -0.0137152 -0.000596603)
(1.06564 -0.015317 -0.00136011)
(1.0655 -0.0158698 -0.00214067)
(1.06584 -0.0145466 -0.00291327)
(1.06651 -0.0105486 -0.0036464)
(1.06732 -0.0032016 -0.00430052)
(1.11987 -0.0204758 0.00137169)
(1.11453 -0.0202565 0.00171054)
(1.10917 -0.0194263 0.00204841)
(1.10389 -0.0180281 0.00235722)
(1.0988 -0.01616 0.0026087)
(1.09399 -0.0139743 0.002777)
(1.0895 -0.0116709 0.002841)
(1.08539 -0.00948493 0.00278605)
(1.08167 -0.00766747 0.00260492)
(1.07837 -0.00645814 0.00229784)
(1.0755 -0.00604791 0.00187162)
(1.07307 -0.00653431 0.00133813)
(1.07112 -0.00787493 0.00071255)
(1.06966 -0.00984921 1.19596e-05)
(1.06872 -0.0120403 -0.000745418)
(1.0683 -0.0138463 -0.00153992)
(1.06839 -0.0145253 -0.00234928)
(1.06891 -0.0132692 -0.00314681)
(1.06976 -0.00929586 -0.00389954)
(1.0707 -0.00194185 -0.0045668)
(1.11828 -0.0155669 0.00151924)
(1.11318 -0.0150578 0.001856)
(1.10807 -0.0140248 0.00218585)
(1.10304 -0.0125248 0.00248135)
(1.09821 -0.0106676 0.00271524)
(1.09365 -0.00861284 0.00286288)
(1.08942 -0.00656034 0.00290437)
(1.08557 -0.00473528 0.00282601)
(1.08214 -0.00336748 0.00262114)
(1.07912 -0.00266435 0.00229001)
(1.07654 -0.00277725 0.00183912)
(1.07442 -0.00376268 0.00127985)
(1.07277 -0.00554294 0.000627068)
(1.07161 -0.00787415 -0.000102088)
(1.07095 -0.0103312 -0.000888772)
(1.0708 -0.0123182 -0.0017122)
(1.07112 -0.0131086 -0.00254865)
(1.07186 -0.0119134 -0.00336987)
(1.07288 -0.00796643 -0.00414146)
(1.07397 -0.000614616 -0.00482159)
(1.30141 -0.020774 0.0012356)
(1.2983 -0.0544902 0.000230912)
(1.29082 -0.0870295 -0.000776754)
(1.27876 -0.118427 -0.00164557)
(1.26172 -0.148527 -0.00225458)
(1.23926 -0.176826 -0.00252871)
(1.21114 -0.202402 -0.0024535)
(1.17748 -0.223959 -0.00207838)
(1.13896 -0.240021 -0.00150744)
(1.09688 -0.249279 -0.000876271)
(1.28253 -0.0175011 0.00123485)
(1.27994 -0.0464988 0.000273051)
(1.27369 -0.0746369 -0.000715656)
(1.26366 -0.101916 -0.00160413)
(1.24955 -0.128203 -0.00228219)
(1.23106 -0.15312 -0.00267711)
(1.20799 -0.176005 -0.00276505)
(1.18038 -0.195946 -0.0025727)
(1.14862 -0.211891 -0.0021702)
(1.11355 -0.22285 -0.00165587)
(1.26641 -0.0141676 0.00123763)
(1.26423 -0.0392477 0.000331134)
(1.25894 -0.0637533 -0.000618949)
(1.25045 -0.0876487 -0.0014983)
(1.23858 -0.1108 -0.00220611)
(1.2231 -0.132895 -0.00267265)
(1.20384 -0.153423 -0.00286892)
(1.18086 -0.171707 -0.0028078)
(1.15441 -0.186982 -0.00253797)
(1.12506 -0.198515 -0.00213247)
(1.25234 -0.0109976 0.00124951)
(1.25049 -0.0327681 0.000407266)
(1.24595 -0.0542097 -0.000490575)
(1.2387 -0.0752571 -0.001341)
(1.2286 -0.0957705 -0.00205147)
(1.21545 -0.115474 -0.00255522)
(1.19917 -0.133946 -0.00282007)
(1.17977 -0.150653 -0.00284972)
(1.15748 -0.165013 -0.00267867)
(1.13272 -0.176478 -0.00236297)
(1.23985 -0.00814191 0.00126766)
(1.23826 -0.0270758 0.000495692)
(1.23433 -0.0458843 -0.000340505)
(1.22808 -0.0644815 -0.00114806)
(1.21941 -0.0827236 -0.00184189)
(1.20815 -0.100359 -0.00235824)
(1.19422 -0.117023 -0.00266283)
(1.17767 -0.13227 -0.00275267)
(1.15867 -0.145633 -0.00265216)
(1.13759 -0.156685 -0.00240538)
(1.22865 -0.0056861 0.0012858)
(1.22725 -0.0221632 0.000587603)
(1.22381 -0.0386765 -0.000180695)
(1.21839 -0.0551276 -0.000935419)
(1.21089 -0.0713737 -0.00159848)
(1.20118 -0.0871833 -0.00210924)
(1.18918 -0.102232 -0.00243218)
(1.17493 -0.116135 -0.00255921)
(1.15859 -0.128494 -0.00250695)
(1.14046 -0.138959 -0.00231047)
(1.21856 -0.00366405 0.00129727)
(1.21729 -0.0179988 0.000674147)
(1.21425 -0.0324918 -2.25595e-05)
(1.20949 -0.0470392 -0.000717535)
(1.20296 -0.0615033 -0.00133931)
(1.19453 -0.0756724 -0.00183064)
(1.18413 -0.089256 -0.00215556)
(1.17178 -0.101911 -0.00230212)
(1.15762 -0.113288 -0.00228072)
(1.14192 -0.123081 -0.00211923)
(1.20947 -0.00207132 0.00129678)
(1.20828 -0.0145307 0.00074808)
(1.20554 -0.0272352 0.000124445)
(1.20132 -0.0400804 -0.00050639)
(1.19558 -0.0529367 -0.00107924)
(1.18821 -0.0656128 -0.0015405)
(1.17915 -0.0778479 -0.00185455)
(1.16839 -0.089334 -0.00200668)
(1.15604 -0.0997559 -0.00200234)
(1.14235 -0.108838 -0.00186344)
(1.2013 -0.000877887 0.00128106)
(1.20015 -0.0116926 0.000804476)
(1.19763 -0.0228094 0.000253451)
(1.19383 -0.0341265 -0.00031108)
(1.18873 -0.0455239 -0.000829843)
(1.18224 -0.0568301 -0.00125303)
(1.17429 -0.0678127 -0.00154604)
(1.16486 -0.0781943 -0.00169245)
(1.15404 -0.0876882 -0.00169392)
(1.14203 -0.096039 -0.00156744)
(1.19401 -3.89406e-05 0.00124891)
(1.19286 -0.0094102 0.000840809)
(1.19049 -0.0191165 0.000360271)
(1.18701 -0.0290597 -0.000137773)
(1.18242 -0.0391302 -0.000599505)
(1.17663 -0.0491753 -0.000978952)
(1.1696 -0.0589885 -0.00124308)
(1.16128 -0.0683212 -0.00137464)
(1.15174 -0.0769116 -0.00137254)
(1.14116 -0.0845215 -0.00124993)
(1.18752 0.000496747 0.00120094)
(1.18636 -0.00760718 0.000856675)
(1.18409 -0.0160599 0.000443154)
(1.18084 -0.0247682 1.00737e-05)
(1.17664 -0.0336318 -0.000393683)
(1.17142 -0.0425152 -0.000725873)
(1.16512 -0.0512356 -0.000955377)
(1.15772 -0.0595706 -0.00106487)
(1.14927 -0.0672816 -0.00105146)
(1.13989 -0.0741464 -0.000925388)
(1.1818 0.000780878 0.00113907)
(1.18059 -0.00620945 0.000853333)
(1.17838 -0.0135482 0.000502347)
(1.17531 -0.021147 0.000131317)
(1.17139 -0.0289141 -0.000215247)
(1.16662 -0.0367287 -0.000498606)
(1.16091 -0.0444289 -0.000689727)
(1.15426 -0.0518159 -0.000771752)
(1.1467 -0.0586733 -0.000740798)
(1.13832 -0.064794 -0.000605089)
(1.17677 0.000861827 0.00106605)
(1.17551 -0.00514854 0.000833203)
(1.17334 -0.0114967 0.000539599)
(1.17037 -0.0180991 0.000226653)
(1.16668 -0.024871 -6.49204e-05)
(1.16223 -0.0317041 -0.000299566)
(1.157 -0.0384541 -0.000450359)
(1.15094 -0.0449431 -0.00050127)
(1.1441 -0.0509747 -0.000448043)
(1.13656 -0.0563573 -0.000297659)
(1.17236 0.00078254 0.000985055)
(1.17106 -0.00436338 0.000799404)
(1.1689 -0.00982954 0.000557673)
(1.16601 -0.0155367 0.000298129)
(1.16247 -0.0214061 5.82593e-05)
(1.15827 -0.027339 -0.000129192)
(1.15339 -0.033206 -0.000239309)
(1.14781 -0.038847 -0.000257082)
(1.14155 -0.0440836 -0.00017834)
(1.13467 -0.048739 -9.44669e-06)
(1.16852 0.000579682 0.000899356)
(1.16717 -0.0038011 0.000755367)
(1.16501 -0.00848007 0.000559916)
(1.16218 -0.0133819 0.000348692)
(1.15874 -0.0184322 0.000156485)
(1.15473 -0.0235402 1.36247e-05)
(1.15011 -0.028588 -5.67977e-05)
(1.14489 -0.0334304 -4.08591e-05)
(1.13907 -0.0379047 6.52295e-05)
(1.13273 -0.0418478 0.000255236)
(1.16516 0.000283589 0.000812063)
(1.16378 -0.00341696 0.000704538)
(1.16161 -0.00739098 0.000549915)
(1.15881 -0.0115665 0.000381799)
(1.15545 -0.0158725 0.000232768)
(1.15157 -0.0202241 0.00013113)
(1.14714 -0.0245121 9.83795e-05)
(1.14219 -0.0286036 0.000147384)
(1.13672 -0.0323492 0.000281378)
(1.13079 -0.0355983 0.00049391)
(1.16222 -8.12946e-05 0.000725986)
(1.16081 -0.00317393 0.000650181)
(1.15865 -0.00651385 0.000531241)
(1.15587 -0.0100319 0.000401111)
(1.15256 -0.0136598 0.000290592)
(1.14876 -0.0173162 0.000226332)
(1.14448 -0.0208991 0.000228484)
(1.13972 -0.0242846 0.000308949)
(1.1345 -0.0273346 0.000470326)
(1.12888 -0.0299097 0.000705704)
(1.15963 -0.000495754 0.000643549)
(1.15821 -0.00304185 0.000595239)
(1.15604 -0.0058084 0.000507263)
(1.15329 -0.00872874 0.000410262)
(1.15001 -0.011736 0.000333626)
(1.14628 -0.0147516 0.000302687)
(1.14208 -0.0176783 0.000336496)
(1.13746 -0.0203992 0.000446118)
(1.13241 -0.022785 0.0006335)
(1.12701 -0.0247067 0.000891116)
(1.15733 -0.000945068 0.000566761)
(1.1559 -0.00299658 0.000542278)
(1.15375 -0.00524159 0.000481044)
(1.15101 -0.00761537 0.000412694)
(1.14776 -0.0100519 0.000365522)
(1.14406 -0.0124741 0.000363837)
(1.13993 -0.0147876 0.000425827)
(1.13539 -0.0168808 0.000561853)
(1.13046 -0.0186316 0.000773238)
(1.12521 -0.01992 0.00105175)
(1.15527 -0.00141829 0.000497218)
(1.15385 -0.00301915 0.00049345)
(1.15171 -0.00478664 0.000455275)
(1.14898 -0.00665754 0.000411554)
(1.14576 -0.00856609 0.000389755)
(1.14208 -0.0104356 0.000413418)
(1.13798 -0.0121733 0.000500076)
(1.13349 -0.0136711 0.000659527)
(1.12863 -0.0148125 0.000892512)
(1.12346 -0.0154862 0.00119004)
(1.06738 0.267678 0.00269905)
(1.06841 0.299981 0.00407102)
(1.06843 0.336084 0.00578574)
(1.06718 0.375775 0.00782587)
(1.06452 0.418232 0.0101159)
(1.06064 0.461926 0.0125074)
(1.05626 0.504721 0.0147829)
(1.05309 0.54416 0.0166833)
(1.05407 0.577766 0.0179501)
(1.06346 0.603159 0.0183584)
(1.10815 0.264789 0.00278303)
(1.11476 0.296963 0.00406838)
(1.12147 0.332714 0.00564869)
(1.12819 0.371899 0.00751117)
(1.1349 0.413749 0.00958982)
(1.14171 0.456708 0.0117468)
(1.14907 0.498454 0.0137686)
(1.15813 0.536149 0.015387)
(1.17102 0.566806 0.016322)
(1.19098 0.587544 0.0163305)
(1.14908 0.253747 0.00294441)
(1.1607 0.284768 0.00407702)
(1.17348 0.319166 0.0054423)
(1.18756 0.356876 0.00702932)
(1.2031 0.397191 0.00877958)
(1.22025 0.438533 0.010567)
(1.23925 0.478404 0.0121902)
(1.26071 0.513623 0.0133889)
(1.28586 0.54075 0.0138886)
(1.31667 0.556499 0.0134592)
(1.18865 0.23479 0.00314976)
(1.20457 0.26363 0.00407753)
(1.22266 0.295731 0.00516987)
(1.24335 0.331112 0.00641491)
(1.26704 0.369122 0.00775909)
(1.29398 0.408147 0.00908828)
(1.32427 0.445507 0.0102189)
(1.35795 0.477678 0.010913)
(1.39526 0.500803 0.0109239)
(1.43675 0.511274 0.0100603)
(1.22517 0.20855 0.00334632)
(1.2446 0.2343 0.00404102)
(1.2672 0.26329 0.00483237)
(1.2937 0.295619 0.00570413)
(1.32478 0.330682 0.00660461)
(1.36083 0.366818 0.00743109)
(1.40182 0.401151 0.00802285)
(1.44723 0.429804 0.0081767)
(1.4962 0.448523 0.00769236)
(1.5477 0.453449 0.00643622)
(1.25705 0.176103 0.00347144)
(1.27922 0.198067 0.00393324)
(1.30554 0.223291 0.00442757)
(1.33706 0.251951 0.00492973)
(1.37471 0.283489 0.00538633)
(1.41908 0.3162 0.00570515)
(1.46998 0.347008 0.00575285)
(1.52631 0.371684 0.00537218)
(1.58602 0.385589 0.00442481)
(1.64643 0.38468 0.00284697)
(1.28304 0.138961 0.00346069)
(1.3073 0.156671 0.00371608)
(1.33663 0.177621 0.00394629)
(1.37236 0.202059 0.00411402)
(1.41572 0.229483 0.00415997)
(1.46747 0.258167 0.00400074)
(1.52728 0.284863 0.00353394)
(1.59339 0.305011 0.00265808)
(1.66253 0.313617 0.00130905)
(1.73029 0.306517 -0.000501485)
(1.30251 0.0989089 0.00325516)
(1.32834 0.112092 0.00335001)
(1.36001 0.128371 0.00337125)
(1.39916 0.148054 0.00326535)
(1.44728 0.17071 0.00296273)
(1.50529 0.194631 0.00238579)
(1.57272 0.216455 0.0014646)
(1.64714 0.231353 0.000160512)
(1.72396 0.234035 -0.00150833)
(1.79713 0.220292 -0.00345554)
(1.3155 0.0576999 0.00281273)
(1.34243 0.0662244 0.00280331)
(1.37583 0.0775198 0.00268423)
(1.41755 0.0919279 0.00238365)
(1.46937 0.109088 0.00181776)
(1.53232 0.127359 0.000910473)
(1.60578 0.143348 -0.00037739)
(1.68662 0.15206 -0.00201935)
(1.76899 0.148017 -0.00391295)
(1.84525 0.127064 -0.00590421)
(1.32245 0.0167376 0.00212493)
(1.35007 0.0205712 0.00206915)
(1.38457 0.0266445 0.00188263)
(1.42798 0.0352887 0.00147553)
(1.48229 0.0461953 0.000747396)
(1.54864 0.057816 -0.00038126)
(1.62622 0.0668279 -0.00192432)
(1.71122 0.0682165 -0.00379466)
(1.79661 0.0564739 -0.00581173)
(1.87337 0.0276362 -0.00776758)
(0.741465 0.035571 0.00458565)
(0.695286 0.0453027 0.00407954)
(0.642999 0.0557869 0.00299187)
(0.585162 0.0669677 0.0012201)
(0.522996 0.0790819 -0.00124391)
(0.458444 0.0928609 -0.00426571)
(0.394099 0.109702 -0.0075438)
(0.33307 0.131768 -0.0106175)
(0.278902 0.161981 -0.0129019)
(0.235722 0.203829 -0.0137419)
(0.776371 0.0569096 0.00381449)
(0.732409 0.0685474 0.00368669)
(0.681921 0.0813336 0.0031029)
(0.625349 0.0951535 0.001937)
(0.563852 0.110127 0.000138705)
(0.499416 0.126842 -0.0022058)
(0.434818 0.146555 -0.0048349)
(0.373468 0.171274 -0.00731395)
(0.319276 0.203697 -0.00907941)
(0.276715 0.246925 -0.00951465)
(0.807912 0.083721 0.00334786)
(0.766773 0.0975303 0.00351931)
(0.718864 0.11288 0.00337599)
(0.664516 0.129608 0.00278489)
(0.604803 0.147707 0.00166379)
(0.541702 0.167588 4.84017e-05)
(0.478099 0.190308 -0.00185487)
(0.417644 0.217654 -0.00366088)
(0.364574 0.252033 -0.00485246)
(0.323702 0.296091 -0.00487248)
(0.83736 0.114137 0.00314528)
(0.799702 0.130535 0.00357696)
(0.755218 0.148891 0.00383929)
(0.704123 0.168984 0.00380464)
(0.647388 0.190651 0.0033692)
(0.586927 0.214064 0.00251955)
(0.525661 0.239997 0.00139532)
(0.467397 0.269929 0.000310313)
(0.416637 0.305893 -0.000289777)
(0.378508 0.350029 7.19786e-05)
(0.865908 0.145952 0.00308021)
(0.832456 0.165279 0.00375349)
(0.792343 0.187036 0.00440129)
(0.745656 0.210943 0.00490939)
(0.693221 0.236646 0.00516099)
(0.636829 0.264009 0.00509631)
(0.579343 0.293413 0.00477983)
(0.524631 0.325907 0.00443469)
(0.477386 0.363055 0.0044115)
(0.443005 0.406445 0.00508863)
(0.894635 0.177119 0.00304108)
(0.866097 0.199485 0.00393632)
(0.831335 0.224793 0.00494087)
(0.790289 0.252716 0.00595924)
(0.743591 0.28271 0.00686976)
(0.692819 0.314281 0.00757201)
(0.640668 0.347321 0.00805215)
(0.59095 0.382319 0.00842853)
(0.548451 0.420256 0.00893692)
(0.518782 0.462111 0.00984221)
(0.92453 0.205859 0.00297309)
(0.901496 0.231132 0.00406042)
(0.872961 0.259825 0.00537194)
(0.838723 0.291594 0.00683344)
(0.799179 0.325738 0.00832607)
(0.75561 0.361412 0.0097185)
(0.710415 0.397976 0.0109238)
(0.667212 0.435264 0.0119513)
(0.630751 0.473567 0.0129105)
(0.60677 0.513196 0.0139436)
(0.956436 0.23059 0.00287336)
(0.93931 0.258449 0.00411262)
(0.917651 0.290089 0.00566054)
(0.89115 0.325174 0.00746329)
(0.859972 0.3629 0.00941067)
(0.825049 0.40213 0.0113526)
(0.788381 0.441718 0.0131425)
(0.753237 0.480819 0.0146894)
(0.724179 0.518975 0.0159779)
(0.706922 0.555789 0.0170284)
(0.990896 0.249886 0.0027696)
(0.979877 0.279872 0.00411222)
(0.965459 0.31382 0.00581108)
(0.94728 0.351425 0.00782904)
(0.925319 0.391831 0.0100675)
(0.900171 0.433696 0.012369)
(0.873386 0.475447 0.014546)
(0.847763 0.515612 0.0164263)
(0.827492 0.552987 0.0178857)
(0.818063 0.586461 0.0188355)
(1.02801 0.262542 0.00270024)
(1.02311 0.294062 0.0040897)
(1.016 0.329537 0.00584521)
(1.00635 0.368702 0.00794164)
(0.994035 0.4107 0.0102924)
(0.979375 0.454063 0.0127417)
(0.963487 0.496897 0.0150791)
(0.948628 0.537188 0.0170767)
(0.938444 0.573054 0.0185277)
(0.937941 0.602708 0.019259)
(0.983993 0.0193037 0.00473568)
(0.981371 0.0143766 0.00419743)
(0.978732 0.0098211 0.00368471)
(0.976008 0.00568615 0.00320925)
(0.973118 0.00201685 0.00278269)
(0.969966 -0.0011471 0.00241599)
(0.966439 -0.00377246 0.00211893)
(0.96241 -0.00583238 0.00189977)
(0.957724 -0.00730521 0.00176487)
(0.952203 -0.00817189 0.00171862)
(0.945636 -0.00841205 0.00176323)
(0.937773 -0.00799911 0.00189864)
(0.928315 -0.00689489 0.00212215)
(0.916915 -0.00504477 0.00242773)
(0.903162 -0.00237479 0.00280457)
(0.886587 0.00120752 0.00323489)
(0.866661 0.00580634 0.0036905)
(0.842806 0.0115232 0.00412821)
(0.814417 0.0184348 0.00448444)
(0.780904 0.0265683 0.00467051)
(0.986263 0.0205946 0.00425603)
(0.983837 0.0158678 0.00372009)
(0.98144 0.0115584 0.00320545)
(0.979018 0.00772438 0.00272335)
(0.976501 0.00442051 0.00228513)
(0.97381 0.00169599 0.00190155)
(0.970851 -0.000407492 0.00158226)
(0.967513 -0.00185682 0.00133528)
(0.963666 -0.00262715 0.00116657)
(0.959155 -0.00269991 0.00107986)
(0.953794 -0.00205882 0.00107659)
(0.94736 -0.00068404 0.00115601)
(0.939584 0.00145527 0.00131524)
(0.93014 0.00440928 0.00154918)
(0.918642 0.00825545 0.00185001)
(0.904639 0.0131042 0.00220606)
(0.887613 0.0190998 0.00259963)
(0.866994 0.0264141 0.00300393)
(0.842174 0.0352307 0.00337879)
(0.812553 0.0457203 0.00366632)
(0.98839 0.0222326 0.00377374)
(0.986093 0.0177194 0.00325208)
(0.983856 0.0136781 0.00275066)
(0.981635 0.010177 0.00228021)
(0.979373 0.00728206 0.00185164)
(0.977003 0.00505426 0.00147538)
(0.97445 0.00354669 0.00116072)
(0.97162 0.00280244 0.000915149)
(0.968406 0.00285398 0.000743886)
(0.964678 0.0037243 0.00064958)
(0.960277 0.00543073 0.000632317)
(0.955009 0.00799143 0.000689868)
(0.948634 0.0114346 0.000818148)
(0.94086 0.0158102 0.0010117)
(0.931328 0.0212021 0.001264)
(0.919615 0.0277406 0.00156736)
(0.905232 0.0356107 0.00191208)
(0.887636 0.0450546 0.0022848)
(0.866251 0.0563635 0.00266594)
(0.840521 0.0698579 0.00302668)
(0.990438 0.0241821 0.00328125)
(0.988224 0.0198914 0.00278228)
(0.98609 0.0161346 0.00230537)
(0.983996 0.0129904 0.0018608)
(0.981899 0.0105366 0.00145898)
(0.979743 0.00884643 0.00110976)
(0.977468 0.00798541 0.000821737)
(0.975001 0.00800808 0.000601488)
(0.972254 0.00895641 0.000452975)
(0.969125 0.0108603 0.000377207)
(0.965483 0.0137408 0.000372266)
(0.961166 0.0176178 0.000433747)
(0.955968 0.0225203 0.000555583)
(0.949632 0.0285014 0.000731133)
(0.941837 0.0356557 0.000954314)
(0.9322 0.0441368 0.00122051)
(0.920279 0.0541741 0.00152698)
(0.905588 0.0660822 0.00187262)
(0.887631 0.0802606 0.002257)
(0.865956 0.097178 0.00267886)
(0.992458 0.0263927 0.00277924)
(0.9903 0.0223304 0.00230842)
(0.988231 0.0188704 0.00186403)
(0.986217 0.0161018 0.00145589)
(0.984222 0.0141136 0.00109379)
(0.982204 0.0129908 0.000786765)
(0.980115 0.0128107 0.00054227)
(0.977901 0.0136385 0.000365389)
(0.975499 0.0155252 0.000258159)
(0.97283 0.0185075 0.000219201)
(0.969796 0.0226106 0.000243827)
(0.966268 0.0278562 0.000324721)
(0.962078 0.0342755 0.000453197)
(0.957008 0.0419264 0.000620946)
(0.950784 0.0509156 0.000822019)
(0.943077 0.0614219 0.00105475)
(0.933511 0.0737185 0.00132327)
(0.921695 0.0881888 0.00163847)
(0.907264 0.105329 0.00201815)
(0.889953 0.125735 0.00248657)
(0.994486 0.0287908 0.00227549)
(0.992373 0.0249586 0.00183621)
(0.990351 0.0218031 0.0014298)
(0.988391 0.0194229 0.00106565)
(0.986463 0.0179175 0.000752758)
(0.984534 0.017382 0.000498973)
(0.982573 0.0179034 0.000310091)
(0.980542 0.0195554 0.000189004)
(0.978402 0.0223959 0.000134998)
(0.976103 0.0264658 0.000143444)
(0.973577 0.0317925 0.000206069)
(0.970732 0.0383982 0.000311981)
(0.96744 0.0463151 0.000449485)
(0.963529 0.0556052 0.000608558)
(0.958778 0.0663869 0.000783729)
(0.952925 0.0788617 0.000976931)
(0.945687 0.0933412 0.00119991)
(0.936801 0.110263 0.00147582)
(0.92609 0.130194 0.00183981)
(0.913557 0.153803 0.00233832)
(0.99655 0.0312747 0.00178284)
(0.994482 0.027668 0.00137715)
(0.992505 0.0248175 0.00101241)
(0.990591 0.0228309 0.000697538)
(0.988715 0.0218161 0.000440516)
(0.986857 0.0218765 0.000247563)
(0.984995 0.0231057 0.000122181)
(0.983114 0.0255828 6.42715e-05)
(0.981196 0.0293684 6.94788e-05)
(0.979221 0.0345042 0.000129035)
(0.977156 0.041016 0.000230348)
(0.974946 0.0489237 0.000358529)
(0.972507 0.0582578 0.000498896)
(0.969716 0.0690825 0.000640308)
(0.966414 0.0815242 0.000778913)
(0.962421 0.095802 0.000921774)
(0.957569 0.112253 0.00108973)
(0.951763 0.131346 0.00131897)
(0.945061 0.153672 0.00166076)
(0.937794 0.179892 0.00217885)
(0.998666 0.0337167 0.00131663)
(0.996654 0.030322 0.000945729)
(0.99473 0.0277675 0.000625133)
(0.99287 0.026169 0.000363145)
(0.991054 0.0256412 0.000166421)
(0.989268 0.0262925 3.90262e-05)
(0.987508 0.02822 -1.85542e-05)
(0.985775 0.0315035 -1.0278e-05)
(0.98408 0.036202 5.49463e-05)
(0.98243 0.0423528 0.000163404)
(0.98083 0.0499757 0.000297657)
(0.979265 0.0590841 0.000438777)
(0.977697 0.0697029 0.000569717)
(0.976057 0.0818944 0.000679571)
(0.974256 0.095788 0.000768138)
(0.972212 0.11161 0.000850002)
(0.969893 0.129707 0.00095723)
(0.967401 0.150544 0.00113986)
(0.965074 0.174674 0.00146337)
(0.963597 0.202652 0.00200219)
(1.00084 0.0359719 0.000892294)
(0.998903 0.0327647 0.000556736)
(0.997052 0.0304861 0.000281785)
(0.995266 0.0292584 7.49351e-05)
(0.99353 0.0292007 -5.88983e-05)
(0.99184 0.0304238 -0.000118425)
(0.990206 0.0330236 -0.000106983)
(0.988652 0.0370759 -3.33012e-05)
(0.987214 0.0426322 8.82743e-05)
(0.985933 0.0497198 0.000238416)
(0.984851 0.0583469 0.000394624)
(0.983994 0.0685147 0.000534394)
(0.983373 0.0802376 0.000639633)
(0.982978 0.0935705 0.000701892)
(0.982798 0.108639 0.000727559)
(0.982857 0.125665 0.000741876)
(0.983285 0.14498 0.000790571)
(0.984407 0.167006 0.000937916)
(0.986851 0.192186 0.00126016)
(0.991649 0.220844 0.00183329)
(1.00308 0.0378908 0.000523461)
(1.00123 0.034836 0.000223068)
(0.99948 0.032802 -5.69261e-06)
(0.997796 0.0319164 -0.000156411)
(0.996173 0.0323008 -0.000226413)
(0.994617 0.0340639 -0.000217902)
(0.993155 0.0372962 -0.000138937)
(0.991834 0.0420631 -3.97208e-06)
(0.990719 0.0484025 0.000166376)
(0.989886 0.0563246 0.000346697)
(0.989415 0.0658187 0.000509606)
(0.989374 0.0768676 0.000630108)
(0.989822 0.0894695 0.000691226)
(0.990809 0.103666 0.000690159)
(0.992407 0.119571 0.000643714)
(0.994764 0.137391 0.000591453)
(0.998184 0.15742 0.000594926)
(1.00323 0.179988 0.00073157)
(1.01081 0.20534 0.00108224)
(1.02224 0.233432 0.00171204)
(1.00529 0.0393158 0.000235142)
(1.0036 0.0364124 -3.00338e-05)
(1.00201 0.0345764 -0.000215497)
(1.0005 0.0339317 -0.000316255)
(0.999064 0.034592 -0.000331991)
(0.997724 0.0366553 -0.000268194)
(0.996519 0.0401972 -0.000136996)
(0.995512 0.0452659 4.25915e-05)
(0.994793 0.0518788 0.000245356)
(0.994465 0.0600242 0.000441848)
(0.994638 0.069667 0.000601856)
(0.995419 0.0807628 0.00069939)
(0.996908 0.0932778 0.00071878)
(0.999209 0.107214 0.000660952)
(1.00246 0.122633 0.000548467)
(1.00688 0.139671 0.000427534)
(1.01286 0.158517 0.000365271)
(1.02105 0.179353 0.000440862)
(1.03239 0.20221 0.000730146)
(1.04811 0.226752 0.00128453)
(1.00746 0.0402231 2.27877e-05)
(1.00597 0.037451 -0.000209373)
(1.0046 0.0357415 -0.000357628)
(1.00333 0.0352063 -0.000418368)
(1.00215 0.0359445 -0.000393153)
(1.0011 0.038036 -0.00028975)
(1.00021 0.0415362 -0.000122795)
(0.999568 0.0464711 8.62141e-05)
(0.999269 0.0528352 0.000309875)
(0.999432 0.060592 0.000517075)
(1.00018 0.0696799 0.000676584)
(1.00164 0.0800227 0.000761969)
(1.00393 0.0915469 0.000757415)
(1.00718 0.104201 0.000663536)
(1.01154 0.117978 0.000501858)
(1.01723 0.132921 0.000316315)
(1.02462 0.149116 0.000170159)
(1.03425 0.166627 0.000137245)
(1.04692 0.185384 0.000287645)
(1.06358 0.204998 0.000669141)
(1.00963 0.0405804 -0.000126963)
(1.00835 0.0378741 -0.00033055)
(1.00721 0.036221 -0.000446873)
(1.00618 0.0357214 -0.000473515)
(1.00528 0.0364594 -0.000413649)
(1.00454 0.0384973 -0.000277011)
(1.004 0.0418692 -8.04135e-05)
(1.00374 0.0465774 0.00015247)
(1.00389 0.0525905 0.000392314)
(1.00455 0.059844 0.000606574)
(1.00587 0.0682465 0.000763241)
(1.00796 0.0776895 0.000835777)
(1.01095 0.0880627 0.000808745)
(1.01495 0.099273 0.000683244)
(1.02012 0.111263 0.000480849)
(1.02663 0.12402 0.000244544)
(1.03481 0.13757 3.52295e-05)
(1.04512 0.151922 -7.69429e-05)
(1.05821 0.16697 -2.60196e-05)
(1.07482 0.182342 0.000233423)
(1.01176 0.04036 -0.000214142)
(1.0107 0.0376564 -0.000394069)
(1.00979 0.0359939 -0.000484149)
(1.00902 0.0354626 -0.000482944)
(1.0084 0.036133 -0.000394969)
(1.00797 0.03805 -0.000231616)
(1.00778 0.0412273 -1.15601e-05)
(1.00794 0.0456429 0.00023962)
(1.00854 0.0512381 0.000490884)
(1.00971 0.0579188 0.000708409)
(1.01158 0.0655623 0.000859543)
(1.01426 0.0740274 0.000917843)
(1.01787 0.0831712 0.000868616)
(1.02249 0.0928675 0.000714058)
(1.02824 0.103027 0.000476691)
(1.03525 0.11361 0.000199681)
(1.04379 0.124618 -5.71484e-05)
(1.05423 0.136053 -0.000226059)
(1.06711 0.147829 -0.000244118)
(1.08303 0.159635 -6.77588e-05)
(1.01384 0.039566 -0.000241127)
(1.01297 0.0368084 -0.000402802)
(1.01228 0.0350793 -0.000472746)
(1.01176 0.0344599 -0.000450267)
(1.01142 0.0350092 -0.00034093)
(1.0113 0.0367565 -0.000157473)
(1.01147 0.0396958 7.98588e-05)
(1.01203 0.0437817 0.000343831)
(1.01308 0.0489285 0.000601861)
(1.01475 0.0550124 0.000818942)
(1.01716 0.0618789 0.000961841)
(1.0204 0.069356 0.00100429)
(1.02457 0.0772714 0.000932556)
(1.0297 0.0854744 0.000750303)
(1.03587 0.0938576 0.000481597)
(1.04317 0.102372 0.000170572)
(1.05177 0.111025 -0.000123137)
(1.06199 0.119842 -0.000333334)
(1.07428 0.128787 -0.000399449)
(1.08913 0.137646 -0.000279677)
(1.0158 0.0382311 -0.000212233)
(1.01512 0.0353722 -0.00036155)
(1.01464 0.0335305 -0.000417857)
(1.01435 0.0327806 -0.000380957)
(1.01427 0.0331715 -0.000257175)
(1.01445 0.0347192 -6.02823e-05)
(1.01496 0.0374001 0.000188195)
(1.0159 0.0411471 0.000459602)
(1.01739 0.0458487 0.000719968)
(1.01954 0.0513522 0.000933173)
(1.02245 0.0574736 0.00106542)
(1.02622 0.0640115 0.00109062)
(1.03089 0.0707686 0.000996032)
(1.03647 0.0775761 0.000786956)
(1.04296 0.0843182 0.000489275)
(1.0504 0.0909506 0.000148487)
(1.0589 0.0975001 -0.000175479)
(1.06871 0.104033 -0.000417469)
(1.0802 0.110582 -0.000518908)
(1.09381 0.117037 -0.000439761)
(1.01763 0.036411 -0.000133274)
(1.01712 0.0334145 -0.000276551)
(1.01682 0.0314269 -0.000326046)
(1.01674 0.0305181 -0.000281801)
(1.0169 0.0307294 -0.000150603)
(1.01735 0.0320658 5.30483e-05)
(1.01817 0.0344886 0.000306635)
(1.01947 0.0379111 0.000580312)
(1.02135 0.0421981 0.000838877)
(1.02394 0.0471706 0.00104517)
(1.02733 0.0526168 0.00116482)
(1.03158 0.0583095 0.00117188)
(1.0367 0.0640301 0.00105452)
(1.04266 0.0695966 0.000819617)
(1.04941 0.0748912 0.000494878)
(1.05692 0.0798811 0.000127224)
(1.06524 0.0846203 -0.000222985)
(1.07456 0.0892208 -0.000491437)
(1.08519 0.0937853 -0.000621343)
(1.09753 0.0983057 -0.000574415)
(1.01929 0.034177 -1.11287e-05)
(1.01892 0.0310181 -0.000155007)
(1.01878 0.0288637 -0.000204741)
(1.01888 0.0277809 -0.000160356)
(1.01925 0.0278057 -2.88101e-05)
(1.01994 0.0289343 0.000174971)
(1.02104 0.0311155 0.00042776)
(1.02265 0.0342454 0.000698759)
(1.0249 0.0381681 0.000951704)
(1.02788 0.0426807 0.00114848)
(1.0317 0.0475468 0.00125415)
(1.03638 0.0525165 0.00124279)
(1.04191 0.0573536 0.00110338)
(1.04821 0.0618665 0.000844193)
(1.05517 0.0659392 0.000494518)
(1.06272 0.0695527 0.00010252)
(1.07084 0.0727892 -0.000271125)
(1.07966 0.0758045 -0.000562953)
(1.08945 0.0787647 -0.000717865)
(1.10059 0.0817505 -0.000699238)
(1.02075 0.0316086 0.000146649)
(1.0205 0.028273 -4.66721e-06)
(1.0205 0.0259417 -6.1795e-05)
(1.02076 0.024681 -2.44922e-05)
(1.0213 0.0245234 0.00010039)
(1.02219 0.0254589 0.000297785)
(1.02353 0.0274257 0.000544034)
(1.02541 0.0303059 0.000807626)
(1.02797 0.0339253 0.00105142)
(1.03131 0.0380602 0.00123645)
(1.0355 0.0424528 0.00132722)
(1.04056 0.0468336 0.00129779)
(1.04645 0.0509518 0.00113774)
(1.05304 0.0546092 0.000856464)
(1.0602 0.0576924 0.000484538)
(1.06777 0.0601965 7.1024e-05)
(1.0757 0.0622287 -0.000323362)
(1.08408 0.0639823 -0.00063614)
(1.09312 0.065676 -0.000813896)
(1.10317 0.067463 -0.000821579)
(1.02202 0.0287865 0.000332162)
(1.02186 0.0252685 0.00016652)
(1.02197 0.022759 9.48825e-05)
(1.02235 0.0213246 0.000117989)
(1.02304 0.0209966 0.000229349)
(1.0241 0.0217601 0.000414026)
(1.02563 0.0235455 0.000648187)
(1.02774 0.026223 0.000899846)
(1.03056 0.0296029 0.00113117)
(1.03419 0.0334438 0.00130249)
(1.0387 0.0374692 0.00137778)
(1.0441 0.0413934 0.00133104)
(1.0503 0.0449533 0.00115227)
(1.05716 0.0479455 0.000851709)
(1.06448 0.0502597 0.000460839)
(1.07209 0.0519026 2.92328e-05)
(1.07987 0.053002 -0.000382692)
(1.08786 0.0537806 -0.000713655)
(1.09626 0.0544975 -0.000911986)
(1.10537 0.0553619 -0.000944162)
(1.02308 0.0257868 0.000537447)
(1.023 0.0220874 0.000350689)
(1.02319 0.0194043 0.000257607)
(1.02367 0.0178059 0.000259638)
(1.02447 0.0173232 0.000350879)
(1.02566 0.0179386 0.000516758)
(1.02735 0.0195762 0.000733507)
(1.02965 0.0220967 0.000968893)
(1.03268 0.0252974 0.00118459)
(1.03656 0.0289219 0.00134036)
(1.04134 0.0326781 0.00139976)
(1.04702 0.0362662 0.00133664)
(1.05349 0.0394133 0.00114132)
(1.06058 0.0419114 0.000824606)
(1.06805 0.0436524 0.000418541)
(1.0757 0.0446521 -2.71837e-05)
(1.08337 0.0450533 -0.00045279)
(1.09105 0.0451001 -0.000798432)
(1.09891 0.0450808 -0.00101429)
(1.10724 0.0452459 -0.00106838)
(1.02395 0.0226769 0.000754697)
(1.02392 0.0188016 0.000540281)
(1.02418 0.0159534 0.000419138)
(1.02473 0.0142031 0.000393574)
(1.02562 0.0135826 0.00045846)
(1.02692 0.0140728 0.000599787)
(1.02872 0.0155935 0.000794063)
(1.03117 0.0179974 0.00100901)
(1.03437 0.0210712 0.00120602)
(1.03845 0.024546 0.00134443)
(1.04345 0.0281167 0.00138746)
(1.04936 0.0314719 0.00130888)
(1.05606 0.0343301 0.00109915)
(1.06334 0.0364795 0.000769471)
(1.07095 0.0378131 0.00035212)
(1.07865 0.0383524 -0.000103432)
(1.08624 0.0382503 -0.000538355)
(1.09369 0.0377648 -0.000894459)
(1.10113 0.0372041 -0.00112389)
(1.10881 0.0368475 -0.00119629)
(1.02465 0.0195134 0.000976446)
(1.02466 0.0154701 0.000728217)
(1.02496 0.0124667 0.000572849)
(1.02557 0.0105771 0.000513646)
(1.02652 0.00983463 0.000546396)
(1.02789 0.0102197 0.000657818)
(1.0298 0.0116489 0.000824866)
(1.03235 0.0139688 0.00101541)
(1.03569 0.0169577 0.00119073)
(1.03992 0.0203363 0.00130992)
(1.0451 0.0237887 0.00133598)
(1.05119 0.026994 0.00124261)
(1.05807 0.0296638 0.00102042)
(1.06552 0.0315824 0.000680771)
(1.07325 0.0326429 0.000255951)
(1.08099 0.0328698 -0.000205079)
(1.08854 0.0324213 -0.000644701)
(1.09582 0.0315635 -0.00100656)
(1.10293 0.0306163 -0.0012449)
(1.11011 0.0298781 -0.00133105)
(1.0252 0.016341 0.00119573)
(1.02524 0.0121388 0.000908041)
(1.02557 0.00899035 0.000712848)
(1.02622 0.00697267 0.000614538)
(1.02722 0.00612131 0.000609919)
(1.02865 0.0064168 0.000686551)
(1.03061 0.0077735 0.000821976)
(1.03325 0.0100335 0.000984372)
(1.03669 0.0129682 0.00113508)
(1.04103 0.01629 0.00123312)
(1.04634 0.0196746 0.00124143)
(1.05257 0.0227935 0.0011337)
(1.0596 0.0253522 0.000900659)
(1.06718 0.027132 0.000553737)
(1.07501 0.0280247 0.000125021)
(1.08281 0.0280556 -0.000337269)
(1.09033 0.0273846 -0.000776934)
(1.09749 0.0262806 -0.00113963)
(1.10435 0.025069 -0.00138175)
(1.11114 0.0240599 -0.00147645)
(1.02564 0.0131933 0.00140619)
(1.02569 0.00884111 0.00107403)
(1.02605 0.00555657 0.000834071)
(1.02672 0.00342012 0.000691845)
(1.02776 0.00246958 0.000645237)
(1.02922 0.00268612 0.000682728)
(1.03124 0.00398276 0.000782552)
(1.03393 0.00619819 0.000913331)
(1.03743 0.00909868 0.00103663)
(1.04186 0.0123903 0.0011116)
(1.04726 0.0157424 0.00110121)
(1.05359 0.0188201 0.0009793)
(1.06072 0.0213249 0.000736711)
(1.0684 0.0230349 0.000384885)
(1.07632 0.0238402 -4.44427e-05)
(1.08416 0.023765 -0.000503982)
(1.09168 0.0229678 -0.000939139)
(1.09876 0.0217165 -0.0012977)
(1.10544 0.0203371 -0.00153832)
(1.11193 0.0191451 -0.00163601)
(1.02599 0.0100936 0.00160225)
(1.02606 0.00559954 0.00122128)
(1.02644 0.00218645 0.000932337)
(1.02713 -6.19436e-05 0.0007421)
(1.02818 -0.00110548 0.00064955)
(1.02967 -0.000961998 0.000644132)
(1.03171 0.000280887 0.000704848)
(1.03444 0.00245955 0.000800881)
(1.03798 0.00533659 0.000894187)
(1.04246 0.00861358 0.000944179)
(1.04792 0.0119551 0.000914096)
(1.05432 0.0150223 0.000778016)
(1.06152 0.0175132 0.000526957)
(1.06926 0.0192036 0.000172338)
(1.07724 0.0199816 -0.000254573)
(1.08512 0.0198688 -0.000707576)
(1.09264 0.0190201 -0.00113384)
(1.09967 0.017699 -0.0014834)
(1.10623 0.0162284 -0.00171726)
(1.1125 0.0149246 -0.0018123)
(1.0263 0.00705696 0.00177909)
(1.02637 0.00242797 0.00134574)
(1.02676 -0.00110791 0.00100436)
(1.02746 -0.00346387 0.000762767)
(1.02853 -0.00459744 0.000621019)
(1.03004 -0.00452523 0.000569538)
(1.03209 -0.00333492 0.000588152)
(1.03483 -0.00119146 0.000646707)
(1.0384 0.00166545 0.000707693)
(1.0429 0.00493454 0.000730983)
(1.04839 0.00827746 0.000680244)
(1.05482 0.011353 0.000529945)
(1.06206 0.013857 0.00027137)
(1.06984 0.0155636 -8.41028e-05)
(1.07785 0.0163587 -0.00050576)
(1.08575 0.0162602 -0.000948642)
(1.09328 0.0154178 -0.00136184)
(1.10028 0.0140882 -0.00169774)
(1.10676 0.0125878 -0.00191973)
(1.11286 0.0112299 -0.00200663)
(1.02658 0.00409184 0.00193278)
(1.02667 -0.000666441 0.00144425)
(1.02706 -0.00432104 0.00104776)
(1.02777 -0.00678232 0.000752201)
(1.02885 -0.00800561 0.000558694)
(1.03036 -0.00800612 0.000458625)
(1.03242 -0.00687107 0.000432685)
(1.03516 -0.00476579 0.000451473)
(1.03873 -0.00193103 0.00047816)
(1.04323 0.00133066 0.000473257)
(1.04872 0.0046797 0.000401046)
(1.05516 0.00777389 0.000236541)
(1.06239 0.0103085 -2.86157e-05)
(1.07018 0.0120563 -0.000383079)
(1.0782 0.012901 -0.000796779)
(1.08611 0.0128564 -0.00122613)
(1.09365 0.0120653 -0.0016223)
(1.10063 0.0107756 -0.00194014)
(1.10706 0.00929479 -0.00214547)
(1.11305 0.0079301 -0.00221905)
(1.02687 0.00120182 0.00206026)
(1.02696 -0.00368131 0.0015145)
(1.02736 -0.00745198 0.00106097)
(1.02808 -0.010018 0.000709571)
(1.02916 -0.0113327 0.000462421)
(1.03067 -0.0114096 0.000311858)
(1.03272 -0.010335 0.000239462)
(1.03546 -0.00827378 0.000216675)
(1.03901 -0.00546656 0.000207482)
(1.04349 -0.00221574 0.000173211)
(1.04896 0.00113941 7.89417e-05)
(1.05537 0.00425714 -9.96053e-05)
(1.06258 0.00683303 -0.000370341)
(1.07035 0.00863943 -0.000721948)
(1.07835 0.00955782 -0.00112508)
(1.08626 0.0095971 -0.00153768)
(1.09379 0.00889222 -0.00191311)
(1.10077 0.00768075 -0.0022088)
(1.10716 0.00625926 -0.00239304)
(1.11308 0.00492647 -0.00244853)
(1.02719 -0.00161288 0.00215931)
(1.02728 -0.00661743 0.001555)
(1.02769 -0.0105026 0.00104321)
(1.02841 -0.0131741 0.000634763)
(1.02949 -0.0145829 0.000332724)
(1.03099 -0.0147411 0.000130355)
(1.03303 -0.0137334 1.0147e-05)
(1.03575 -0.0117236 -5.55341e-05)
(1.03927 -0.00895092 -0.000101753)
(1.04372 -0.00571644 -0.000166199)
(1.04914 -0.00235778 -0.000282817)
(1.0555 0.00078497 -0.000475033)
(1.06266 0.00340866 -0.000750223)
(1.07038 0.0052857 -0.00109711)
(1.07835 0.00629538 -0.00148714)
(1.08623 0.0064413 -0.00187994)
(1.09374 0.00584964 -0.00223121)
(1.10071 0.00474638 -0.00250104)
(1.10709 0.00341564 -0.00266021)
(1.11296 0.0021458 -0.00269332)
(1.07519 0.239852 0.00170124)
(1.11058 0.234966 0.00184655)
(1.14624 0.223438 0.00211074)
(1.18092 0.205585 0.0024518)
(1.21317 0.181928 0.00280181)
(1.24152 0.153275 0.00307983)
(1.26475 0.120776 0.00320506)
(1.28222 0.0858382 0.00310823)
(1.29385 0.0498947 0.00274387)
(1.30006 0.0141153 0.00210507)
(1.08847 0.213283 0.00101075)
(1.11871 0.205634 0.00122429)
(1.14911 0.193163 0.00156876)
(1.1787 0.176195 0.00199535)
(1.2063 0.155086 0.00242954)
(1.23066 0.130339 0.00278515)
(1.25071 0.102701 0.00297884)
(1.26582 0.0731513 0.00294244)
(1.27591 0.042731 0.00263437)
(1.28132 0.0123234 0.00205104)
(1.09744 0.187035 0.000526784)
(1.12349 0.178 0.000790869)
(1.14969 0.165671 0.00118691)
(1.1753 0.150286 0.00166291)
(1.19931 0.132002 0.00214291)
(1.22063 0.111041 0.00254098)
(1.23825 0.0878222 0.00277563)
(1.25158 0.0629903 0.002782)
(1.2605 0.0372977 0.00252218)
(1.26529 0.0114229 0.00199424)
(1.10342 0.161799 0.000192004)
(1.12605 0.152443 0.000484563)
(1.14888 0.141005 0.000905853)
(1.17131 0.127591 0.00140362)
(1.19249 0.112169 0.00190371)
(1.21141 0.0947277 0.00232324)
(1.22712 0.0754368 0.00258425)
(1.23903 0.0546932 0.00262546)
(1.24701 0.0330399 0.00241165)
(1.2513 0.0110109 0.00194113)
(1.1074 0.138146 -4.68632e-05)
(1.12721 0.129229 0.000254542)
(1.14729 0.119135 0.000681129)
(1.16715 0.107835 0.00118221)
(1.18603 0.0951397 0.00168698)
(1.20298 0.0808659 0.00211657)
(1.21711 0.0650014 0.00239689)
(1.22785 0.0477679 0.00246976)
(1.23504 0.0295595 0.00230177)
(1.2389 0.0108074 0.00189058)
(1.1101 0.116527 -0.000231762)
(1.12755 0.108527 6.42295e-05)
(1.14534 0.0999818 0.00048324)
(1.16306 0.0907525 0.000976917)
(1.18002 0.0805361 0.00147817)
(1.19532 0.0690332 0.00191221)
(1.20811 0.0561091 0.00220854)
(1.21783 0.0418639 0.00231165)
(1.22432 0.0265862 0.00218933)
(1.2278 0.0106329 0.00183823)
(1.11202 0.0972455 -0.000391071)
(1.12748 0.0903905 -0.000109071)
(1.14333 0.083408 0.000295408)
(1.15923 0.07608 0.000776379)
(1.17453 0.0680332 0.00127027)
(1.1884 0.0588972 0.00170608)
(1.20002 0.0484591 0.00201662)
(1.20884 0.0367372 0.0021487)
(1.2147 0.0239451 0.00207108)
(1.21782 0.0103844 0.00177933)
(1.11347 0.0804322 -0.000540805)
(1.12722 0.0747619 -0.000276889)
(1.14141 0.069224 0.000110099)
(1.15573 0.0635556 0.00057625)
(1.1696 0.0573472 0.00106115)
(1.18221 0.0501907 0.00149727)
(1.19277 0.0418271 0.00182049)
(1.20078 0.0322201 0.00197981)
(1.20608 0.0215291 0.00194484)
(1.20886 0.0100132 0.00171027)
(1.11464 0.066054 -0.000687963)
(1.12692 0.06148 -0.000443403)
(1.13967 0.0571951 -7.46443e-05)
(1.15262 0.052917 0.000376157)
(1.16521 0.0482241 0.000851403)
(1.1767 0.0426937 0.00128676)
(1.18633 0.0360417 0.001621)
(1.1936 0.0281959 0.00180521)
(1.19838 0.019276 0.00180993)
(1.20083 0.00950658 0.00162921)
(1.11563 0.0539447 -0.00083459)
(1.12664 0.0503101 -0.000609164)
(1.13814 0.0470588 -0.000258272)
(1.14988 0.0439065 0.000177395)
(1.16135 0.0404346 0.000642754)
(1.17183 0.0362201 0.00107642)
(1.18062 0.0309676 0.00141987)
(1.18723 0.0245817 0.00162625)
(1.19153 0.0171515 0.00166709)
(1.19368 0.0088732 0.00153602)
(1.11647 0.0438514 -0.000981221)
(1.1264 0.0409766 -0.000773839)
(1.13682 0.0385444 -0.000439767)
(1.14751 0.0362785 -1.84946e-05)
(1.15799 0.0337721 0.000437123)
(1.16757 0.0306101 0.000868378)
(1.17559 0.0264947 0.00121931)
(1.18161 0.0213154 0.00144502)
(1.18547 0.0151376 0.0015181)
(1.18734 0.00813297 0.001432)
(1.11719 0.0354805 -0.00112889)
(1.12621 0.0331933 -0.000937638)
(1.13569 0.0313899 -0.000618623)
(1.14547 0.0298067 -0.000210389)
(1.15507 0.0280529 0.00023614)
(1.16385 0.0257259 0.000664672)
(1.17119 0.0225313 0.00102161)
(1.17666 0.0183487 0.00126395)
(1.18014 0.013225 0.00136539)
(1.18175 0.00730989 0.00131945)
(1.11779 0.0285337 -0.00127969)
(1.12604 0.0266868 -0.00110163)
(1.13474 0.0253549 -0.000795024)
(1.14371 0.0242892 -0.000397723)
(1.15254 0.0231162 4.10058e-05)
(1.16061 0.0214491 0.000467028)
(1.16734 0.0189997 0.000828933)
(1.17234 0.0156422 0.00108554)
(1.17546 0.0114081 0.00121171)
(1.17685 0.00642779 0.00120121)
(1.11826 0.0227337 -0.00143635)
(1.12589 0.0212111 -0.00126741)
(1.13392 0.020228 -0.000969629)
(1.14221 0.0195508 -0.000580366)
(1.15035 0.0188245 -0.000147482)
(1.1578 0.0176787 0.000276823)
(1.16399 0.0158342 0.000643164)
(1.16856 0.0131627 0.000912123)
(1.17138 0.00968286 0.00105978)
(1.17256 0.005508 0.00108028)
(1.11862 0.0178376 -0.00160156)
(1.12574 0.0165545 -0.00143662)
(1.13321 0.0158295 -0.00114323)
(1.14091 0.015444 -0.000758414)
(1.14846 0.0150615 -0.000328827)
(1.15535 0.0143293 9.50845e-05)
(1.16106 0.0129789 0.000465839)
(1.16525 0.0108815 0.000745735)
(1.1678 0.00804537 0.000912099)
(1.16881 0.00456828 0.00095961)
(1.11886 0.0136425 -0.00177734)
(1.12558 0.0125417 -0.00161052)
(1.13259 0.012011 -0.00131647)
(1.13978 0.0118465 -0.000932022)
(1.14681 0.0117308 -0.000502741)
(1.15321 0.0113298 -7.74637e-05)
(1.1585 0.0103865 0.000298132)
(1.16236 0.00877379 0.000588025)
(1.16467 0.00649125 0.000770823)
(1.16554 0.00362268 0.000841853)
(1.11899 0.00998556 -0.00196481)
(1.12539 0.00903179 -0.00178979)
(1.13202 0.00865247 -0.00148974)
(1.13878 0.00865907 -0.0011013)
(1.14536 0.00875352 -0.000669062)
(1.15132 0.00862084 -0.000240359)
(1.15624 0.00801712 0.000140868)
(1.15981 0.00681785 0.000440254)
(1.16192 0.00501561 0.000637712)
(1.16266 0.00268168 0.000729297)
(1.11901 0.00673939 -0.0021641)
(1.12517 0.00591342 -0.00197454)
(1.13149 0.00565843 -0.00166309)
(1.13788 0.00580171 -0.00126626)
(1.14406 0.00606521 -0.000827717)
(1.14965 0.00615376 -0.000393354)
(1.15423 0.00583712 -5.43608e-06)
(1.15754 0.00499459 0.000303309)
(1.15949 0.00361308 0.000514111)
(1.16012 0.00175269 0.000623816)
(1.11892 0.00380674 -0.00237456)
(1.12491 0.00310034 -0.00216434)
(1.13097 0.00295363 -0.00183632)
(1.13704 0.00321057 -0.00142685)
(1.14289 0.00361374 -0.000978694)
(1.14813 0.00388824 -0.000536381)
(1.15243 0.00381807 -0.000140533)
(1.15552 0.00328718 0.000177737)
(1.15731 0.00227793 0.00040098)
(1.15786 0.000840483 0.000526865)
(1.11872 0.00111416 -0.00259494)
(1.12459 0.000525874 -0.00235842)
(1.13044 0.000478884 -0.00200903)
(1.13625 0.000834552 -0.00158293)
(1.14179 0.00135668 -0.00112204)
(1.14674 0.00179094 -0.000669518)
(1.15078 0.00193587 -0.0002644)
(1.15367 0.00168065 6.37943e-05)
(1.15534 0.00100414 0.00029893)
(1.15583 -5.23123e-05 0.000439517)
)
;

boundaryField
{
    down
    {
        type            symmetryPlane;
    }
    right
    {
        type            zeroGradient;
    }
    up
    {
        type            symmetryPlane;
    }
    left
    {
        type            uniformFixedValue;
        uniformValue    constant (1 0 0);
        value           uniform (1 0 0);
    }
    cylinder
    {
        type            symmetry;
    }
    defaultFaces
    {
        type            empty;
    }
}


// ************************************************************************* //
