/*--------------------------------*- C++ -*----------------------------------*\
| =========                 |                                                 |
| \\      /  F ield         | OpenFOAM: The Open Source CFD Toolbox           |
|  \\    /   O peration     | Version:  2112                                  |
|   \\  /    A nd           | Website:  www.openfoam.com                      |
|    \\/     M anipulation  |                                                 |
\*---------------------------------------------------------------------------*/
FoamFile
{
    version     2.0;
    format      ascii;
    arch        "LSB;label=32;scalar=64";
    class       volVectorField;
    location    "0";
    object      U_nn;
}
// * * * * * * * * * * * * * * * * * * * * * * * * * * * * * * * * * * * * * //

dimensions      [0 1 -1 0 0 0 0];

internalField   nonuniform List<vector> 
2000
(
(1.10884 -0.917736 0.00910954)
(1.11519 -0.803598 0.00776561)
(1.11526 -0.690874 0.00676519)
(1.10942 -0.586916 0.00580068)
(1.09914 -0.498599 0.0049031)
(1.08653 -0.428617 0.00419158)
(1.07369 -0.3753 0.00371936)
(1.06221 -0.334694 0.00346034)
(1.05299 -0.302668 0.00335036)
(1.04631 -0.276019 0.00332306)
(1.2262 -0.927131 0.0106779)
(1.22806 -0.803594 0.00879734)
(1.21866 -0.683934 0.00726832)
(1.2009 -0.577829 0.00595874)
(1.17841 -0.491294 0.00492786)
(1.15473 -0.424785 0.00421719)
(1.13262 -0.374789 0.00379117)
(1.11375 -0.336516 0.00357041)
(1.09879 -0.305773 0.00347289)
(1.08768 -0.279641 0.00343495)
(1.34214 -0.910406 0.0118784)
(1.3385 -0.779674 0.00942876)
(1.31886 -0.65694 0.00747948)
(1.28884 -0.552667 0.00598823)
(1.25428 -0.470954 0.00495859)
(1.22005 -0.409809 0.00432572)
(1.18939 -0.364171 0.00397617)
(1.16391 -0.328792 0.00379807)
(1.14395 -0.299679 0.0037079)
(1.12904 -0.274335 0.00365406)
(1.45311 -0.86535 0.0125497)
(1.44288 -0.730951 0.00961431)
(1.41221 -0.609787 0.0074354)
(1.3697 -0.511483 0.00595348)
(1.32341 -0.437411 0.00505167)
(1.27939 -0.383202 0.00455444)
(1.24116 -0.342699 0.00429445)
(1.21009 -0.310618 0.00415255)
(1.18604 -0.283437 0.0040604)
(1.16807 -0.259195 0.00398665)
(1.55531 -0.792481 0.0126309)
(1.53745 -0.659146 0.00940337)
(1.49519 -0.544595 0.00723533)
(1.4403 -0.456117 0.00594638)
(1.38304 -0.391964 0.00526642)
(1.3304 -0.34578 0.00493048)
(1.28592 -0.310902 0.00475207)
(1.25046 -0.282457 0.00463119)
(1.2233 -0.257606 0.00452856)
(1.20299 -0.234987 0.00443731)
(1.64525 -0.695114 0.012179)
(1.61908 -0.568248 0.00892538)
(1.56516 -0.465083 0.00700813)
(1.49862 -0.38951 0.00605159)
(1.43173 -0.33677 0.00563836)
(1.37209 -0.299201 0.00545602)
(1.32289 -0.270279 0.00533735)
(1.2843 -0.245895 0.00522294)
(1.25492 -0.223999 0.00510921)
(1.23283 -0.203794 0.00501165)
(1.7202 -0.57859 0.0113433)
(1.68566 -0.463445 0.00834216)
(1.62081 -0.375493 0.00686576)
(1.5441 -0.3148 0.00631551)
(1.46947 -0.274181 0.00616638)
(1.40469 -0.245479 0.00610917)
(1.35231 -0.222841 0.0060278)
(1.31168 -0.203111 0.00591412)
(1.28078 -0.184995 0.00579769)
(1.25731 -0.16815 0.00570893)
(1.77832 -0.449051 0.0103136)
(1.73623 -0.349925 0.00779664)
(1.66208 -0.279666 0.00687257)
(1.57734 -0.234729 0.00673874)
(1.49718 -0.206356 0.00682001)
(1.4291 -0.186621 0.00685527)
(1.37484 -0.17066 0.00679724)
(1.33298 -0.15627 0.00668749)
(1.30102 -0.142782 0.0065798)
(1.27642 -0.130174 0.00651068)
(1.81863 -0.312312 0.00927014)
(1.77078 -0.232083 0.00738435)
(1.68974 -0.180639 0.00704293)
(1.59953 -0.151484 0.00728964)
(1.51603 -0.135145 0.00755588)
(1.44623 -0.124424 0.00765708)
(1.39105 -0.11553 0.00761689)
(1.3485 -0.107091 0.00751704)
(1.31577 -0.0989068 0.00742524)
(1.29026 -0.0911612 0.00737761)
(1.84072 -0.173201 0.00835665)
(1.78979 -0.11327 0.00715351)
(1.70486 -0.0806788 0.00735927)
(1.61188 -0.0667994 0.00792557)
(1.527 -0.0621174 0.00833208)
(1.45669 -0.060396 0.00848002)
(1.40125 -0.0588444 0.00845506)
(1.35834 -0.0567474 0.00836719)
(1.32503 -0.0542431 0.00829028)
(1.29876 -0.0516567 0.00825707)
(0.182303 -0.359659 0.0127862)
(0.13592 -0.196015 0.00858798)
(0.113755 -0.0872611 0.00504325)
(0.119247 -0.0305388 0.00224715)
(0.152505 -0.0164781 0.000629407)
(0.210322 -0.0306372 0.000603695)
(0.286725 -0.0561888 0.00208179)
(0.373895 -0.0781535 0.00429927)
(0.46347 -0.0877749 0.00623931)
(0.548146 -0.0842013 0.00727332)
(0.241388 -0.381522 0.00935746)
(0.208417 -0.24681 0.0053386)
(0.20209 -0.166653 0.00224025)
(0.223758 -0.132578 0.000381696)
(0.270752 -0.129713 0.000142547)
(0.337137 -0.140394 0.00144307)
(0.415002 -0.149185 0.00353417)
(0.496023 -0.147501 0.00541597)
(0.573103 -0.134868 0.00647602)
(0.64156 -0.115961 0.00669826)
(0.311293 -0.426706 0.00660103)
(0.291753 -0.317047 0.00295299)
(0.299568 -0.257367 0.000619757)
(0.333626 -0.233928 -7.26122e-05)
(0.388682 -0.228547 0.000863406)
(0.456914 -0.224546 0.00275063)
(0.529829 -0.212267 0.00458269)
(0.60012 -0.190769 0.00569034)
(0.662946 -0.164662 0.00600969)
(0.71616 -0.13923 0.00583597)
(0.390444 -0.488045 0.00460603)
(0.382935 -0.397078 0.00154442)
(0.40164 -0.348074 0.000152173)
(0.443136 -0.323783 0.000493285)
(0.500345 -0.306195 0.00203662)
(0.564738 -0.28343 0.00379177)
(0.628551 -0.252924 0.0049696)
(0.686377 -0.218846 0.00539002)
(0.735618 -0.186696 0.00530611)
(0.775932 -0.159684 0.00504028)
(0.477204 -0.55886 0.00342839)
(0.479267 -0.479094 0.0010838)
(0.504764 -0.431376 0.000569144)
(0.548543 -0.397699 0.00154017)
(0.602719 -0.36357 0.00310501)
(0.659232 -0.323521 0.00434565)
(0.711907 -0.280395 0.00488467)
(0.757364 -0.239936 0.00487829)
(0.794716 -0.20599 0.00465078)
(0.824643 -0.179247 0.00443211)
(0.570231 -0.633504 0.00305458)
(0.578888 -0.557681 0.00141203)
(0.606962 -0.503867 0.00151348)
(0.648412 -0.45616 0.00265186)
(0.695597 -0.405535 0.00385921)
(0.7418 -0.352214 0.00451683)
(0.782734 -0.301614 0.00459583)
(0.816727 -0.258558 0.00438236)
(0.843981 -0.224517 0.00414361)
(0.865619 -0.198235 0.00400401)
(0.668669 -0.707417 0.00340326)
(0.680946 -0.629511 0.00231055)
(0.70784 -0.564903 0.0026835)
(0.743318 -0.501933 0.00362517)
(0.780849 -0.43729 0.00432229)
(0.81552 -0.374917 0.00448559)
(0.844843 -0.320411 0.00428159)
(0.868404 -0.276585 0.00398972)
(0.886996 -0.242808 0.00378419)
(0.901823 -0.216622 0.00370816)
(0.77211 -0.77675 0.0043475)
(0.785421 -0.692425 0.0035668)
(0.808158 -0.614853 0.00388613)
(0.835097 -0.537662 0.0044121)
(0.861399 -0.462302 0.00459219)
(0.88408 -0.394353 0.00438605)
(0.902184 -0.33815 0.00402236)
(0.916157 -0.294349 0.00371197)
(0.927052 -0.260779 0.00354243)
(0.935948 -0.234359 0.00350353)
(0.880332 -0.837766 0.00573402)
(0.892663 -0.74436 0.00499961)
(0.909112 -0.653604 0.00501328)
(0.925901 -0.564474 0.00502788)
(0.940194 -0.481704 0.00475273)
(0.950858 -0.410886 0.00428842)
(0.958185 -0.354448 0.00384122)
(0.963188 -0.31115 0.00353654)
(0.96697 -0.277804 0.00339357)
(0.970391 -0.251079 0.00337006)
(0.992916 -0.886328 0.00738801)
(1.0028 -0.782595 0.00645031)
(1.01154 -0.679794 0.00599438)
(1.01727 -0.581615 0.00549017)
(1.01928 -0.494559 0.00485002)
(1.01814 -0.42312 0.00422012)
(1.01514 -0.367652 0.00373978)
(1.01166 -0.32538 0.00345266)
(1.00873 -0.292494 0.00332809)
(1.00695 -0.265648 0.00330639)
(0.621595 -0.0717843 0.00740144)
(0.683071 -0.0564598 0.00697758)
(0.733372 -0.0425151 0.00634071)
(0.773545 -0.0315497 0.00571607)
(0.805232 -0.0237024 0.00519718)
(0.830146 -0.0184773 0.00479325)
(0.849786 -0.0152666 0.00447798)
(0.865334 -0.0135442 0.00422045)
(0.877671 -0.0128788 0.00399854)
(0.887442 -0.0128946 0.00380151)
(0.895141 -0.0132445 0.00362734)
(0.901175 -0.0136107 0.00347863)
(0.905914 -0.0137231 0.00335906)
(0.909715 -0.0133843 0.00327109)
(0.912927 -0.0124885 0.00321481)
(0.915883 -0.0110309 0.00318798)
(0.918885 -0.00910552 0.00318667)
(0.922178 -0.0068927 0.00320648)
(0.925931 -0.00463734 0.00324383)
(0.930216 -0.00262011 0.00329732)
(0.696435 -0.0953653 0.00644404)
(0.740112 -0.0764488 0.00602879)
(0.776215 -0.0612027 0.00558835)
(0.805637 -0.0494513 0.00520234)
(0.829458 -0.0406266 0.00488739)
(0.848721 -0.034128 0.00462966)
(0.864309 -0.029456 0.00440781)
(0.876922 -0.0262104 0.00420496)
(0.887098 -0.0240451 0.00401251)
(0.895256 -0.0226315 0.00382937)
(0.901744 -0.0216478 0.00365936)
(0.906872 -0.0207908 0.00350828)
(0.910944 -0.0197994 0.00338167)
(0.914262 -0.0184801 0.0032833)
(0.917129 -0.0167271 0.0032146)
(0.919839 -0.0145322 0.00317472)
(0.922655 -0.011984 0.00316118)
(0.925793 -0.00925645 0.00317084)
(0.929397 -0.00658751 0.00320115)
(0.933518 -0.00424982 0.00325133)
(0.755885 -0.116266 0.00554433)
(0.78599 -0.0962864 0.00528474)
(0.811418 -0.08031 0.00505169)
(0.832723 -0.0675958 0.00485673)
(0.850504 -0.0574891 0.00468932)
(0.865314 -0.0494916 0.00453307)
(0.877618 -0.0432323 0.00437491)
(0.887791 -0.0384067 0.0042085)
(0.896135 -0.0347272 0.00403418)
(0.902909 -0.0318974 0.00385724)
(0.908346 -0.0296125 0.00368557)
(0.912681 -0.0275777 0.00352757)
(0.916157 -0.025534 0.00339056)
(0.91903 -0.0232855 0.00327976)
(0.921563 -0.0207208 0.00319792)
(0.924017 -0.0178246 0.00314545)
(0.926628 -0.0146793 0.00312104)
(0.929589 -0.0114541 0.00312249)
(0.933025 -0.00838355 0.00314792)
(0.936971 -0.00573695 0.0031969)
(0.803947 -0.136525 0.00484914)
(0.823922 -0.116038 0.00475329)
(0.84135 -0.0992387 0.00468236)
(0.856467 -0.0853367 0.00462135)
(0.869524 -0.0737825 0.00455272)
(0.880746 -0.0642093 0.00446328)
(0.890322 -0.0563505 0.00434678)
(0.898411 -0.0499707 0.0042038)
(0.905155 -0.0448234 0.00404026)
(0.910693 -0.0406355 0.00386543)
(0.915174 -0.0371145 0.00368997)
(0.918769 -0.0339693 0.00352422)
(0.921671 -0.0309386 0.00337699)
(0.924095 -0.0278193 0.0032548)
(0.926275 -0.0244905 0.00316156)
(0.928444 -0.0209285 0.00309877)
(0.930818 -0.0172097 0.003066)
(0.933573 -0.0135011 0.00306178)
(0.936817 -0.0100383 0.00308467)
(0.940573 -0.00709221 0.00313449)
(0.84379 -0.156216 0.00435809)
(0.856228 -0.135083 0.00438329)
(0.867642 -0.117257 0.00441905)
(0.878006 -0.102044 0.0044419)
(0.887325 -0.0890191 0.00443416)
(0.895611 -0.0779188 0.00438622)
(0.902877 -0.0685481 0.00429624)
(0.909142 -0.0607178 0.00416875)
(0.914442 -0.0542099 0.0040127)
(0.918832 -0.0487689 0.00383956)
(0.922399 -0.0441112 0.00366157)
(0.925262 -0.0399469 0.00349034)
(0.927574 -0.0360096 0.0033358)
(0.929519 -0.0320868 0.00320547)
(0.931305 -0.0280465 0.00310425)
(0.933146 -0.0238557 0.0030345)
(0.935241 -0.0195866 0.00299651)
(0.937754 -0.0154079 0.00298936)
(0.940782 -0.0115608 0.00301197)
(0.944334 -0.00832408 0.00306437)
(0.877935 -0.174966 0.00401581)
(0.884609 -0.152877 0.00411285)
(0.891416 -0.133841 0.00420838)
(0.898082 -0.117271 0.00427722)
(0.904416 -0.102832 0.00430325)
(0.910278 -0.0903243 0.00427942)
(0.915565 -0.0795916 0.00420633)
(0.92021 -0.0704694 0.0040903)
(0.924178 -0.0627559 0.00394147)
(0.927471 -0.0562062 0.00377212)
(0.930131 -0.0505419 0.00359509)
(0.932241 -0.0454727 0.00342262)
(0.933925 -0.0407257 0.00326526)
(0.935343 -0.0360775 0.00313129)
(0.936681 -0.0313848 0.00302634)
(0.938141 -0.0266064 0.00295345)
(0.939911 -0.0218127 0.00291353)
(0.942146 -0.0171779 0.00290607)
(0.944931 -0.0129555 0.00293033)
(0.948262 -0.0094377 0.0029866)
(0.908501 -0.192658 0.00376626)
(0.910393 -0.169302 0.00389543)
(0.913459 -0.148881 0.00401687)
(0.917142 -0.130903 0.00410568)
(0.921048 -0.115094 0.00414716)
(0.924896 -0.101288 0.00413584)
(0.928487 -0.089343 0.00407342)
(0.931689 -0.0790977 0.00396675)
(0.934424 -0.0703509 0.00382604)
(0.936659 -0.0628572 0.00366336)
(0.938411 -0.0563366 0.00349141)
(0.93974 -0.0504942 0.00332239)
(0.94075 -0.0450486 0.00316708)
(0.941584 -0.0397646 0.00303416)
(0.942417 -0.0344875 0.00292976)
(0.943442 -0.029169 0.00285745)
(0.94484 -0.0238806 0.00281858)
(0.946759 -0.0188073 0.00281301)
(0.949277 -0.0142209 0.00284029)
(0.952372 -0.0104345 0.00290108)
(0.937425 -0.209457 0.00357552)
(0.934764 -0.18465 0.00370843)
(0.934414 -0.162686 0.00383326)
(0.935476 -0.143199 0.00392522)
(0.937304 -0.125984 0.00397017)
(0.939442 -0.110905 0.00396335)
(0.941578 -0.0978272 0.0039069)
(0.943511 -0.0865789 0.00380764)
(0.94512 -0.0769434 0.0036753)
(0.946351 -0.0686593 0.00352124)
(0.947207 -0.0614325 0.00335746)
(0.947735 -0.0549549 0.00319567)
(0.948031 -0.0489305 0.00304644)
(0.948232 -0.0431096 0.0029185)
(0.948508 -0.0373245 0.00281822)
(0.949047 -0.0315207 0.00274947)
(0.95003 -0.0257736 0.0027139)
(0.951601 -0.0202844 0.00271162)
(0.953829 -0.0153501 0.00274248)
(0.956676 -0.011312 0.00280755)
(0.966563 -0.225396 0.00343275)
(0.958939 -0.199273 0.00354875)
(0.954971 -0.175748 0.00366187)
(0.953386 -0.154662 0.00374638)
(0.953232 -0.135936 0.00378725)
(0.95382 -0.119505 0.00377938)
(0.954677 -0.105262 0.00372489)
(0.955497 -0.0930332 0.00363043)
(0.956103 -0.0825793 0.00350521)
(0.95641 -0.0736094 0.00335981)
(0.956408 -0.0657987 0.00320531)
(0.956142 -0.058811 0.00305261)
(0.955708 -0.0523251 0.00291174)
(0.955245 -0.046069 0.00279115)
(0.954924 -0.0398583 0.00269718)
(0.954939 -0.0336308 0.00263374)
(0.955473 -0.0274679 0.00260255)
(0.956671 -0.0215916 0.00260385)
(0.958596 -0.0163313 0.0026377)
(0.961186 -0.0120647 0.00270572)
(0.997537 -0.23984 0.00334269)
(0.98419 -0.213117 0.00342404)
(0.97598 -0.188359 0.00351343)
(0.971338 -0.165759 0.00358307)
(0.968997 -0.145464 0.00361521)
(0.967992 -0.127557 0.00360284)
(0.967627 -0.112022 0.00354723)
(0.967442 -0.0987249 0.00345477)
(0.967158 -0.0874211 0.00333436)
(0.966638 -0.0777884 0.00319596)
(0.965847 -0.0694589 0.00304982)
(0.964826 -0.062051 0.00290598)
(0.963675 -0.0552021 0.00277371)
(0.962541 -0.0486056 0.00266096)
(0.961607 -0.0420513 0.00257372)
(0.961078 -0.0354653 0.00251571)
(0.961146 -0.0289348 0.00248848)
(0.96196 -0.0227066 0.0024922)
(0.963575 -0.0171494 0.00252706)
(0.965908 -0.0126845 0.00259529)
(1.02339 -0.239071 0.00332607)
(1.00683 -0.214315 0.0033648)
(0.995783 -0.190474 0.00341488)
(0.988792 -0.168154 0.00345097)
(0.984573 -0.14779 0.00345647)
(0.982072 -0.129661 0.0034247)
(0.980488 -0.113876 0.00335703)
(0.979266 -0.100369 0.00325963)
(0.978058 -0.0889182 0.00314081)
(0.976685 -0.0791944 0.00300942)
(0.975095 -0.0708059 0.00287423)
(0.973325 -0.0633446 0.00274361)
(0.971481 -0.0564267 0.00262525)
(0.969716 -0.0497333 0.00252568)
(0.968223 -0.0430525 0.00244978)
(0.967204 -0.0363177 0.00240041)
(0.966853 -0.0296325 0.0023786)
(0.967308 -0.0232656 0.00238427)
(0.968608 -0.0176105 0.00241781)
(0.970644 -0.0131089 0.0024822)
(1.04047 -0.224584 0.00332745)
(1.02397 -0.203229 0.00332381)
(1.01224 -0.181929 0.00332905)
(1.00423 -0.161513 0.00332323)
(0.998875 -0.142602 0.00329389)
(0.995243 -0.12561 0.0032367)
(0.992592 -0.110738 0.00315381)
(0.990381 -0.0979781 0.00305102)
(0.988264 -0.0871421 0.00293544)
(0.986058 -0.0779161 0.00281411)
(0.983708 -0.0699152 0.00269369)
(0.981256 -0.0627375 0.00258034)
(0.97881 -0.0560112 0.00247966)
(0.976525 -0.0494371 0.00239631)
(0.974589 -0.0428299 0.00233365)
(0.973196 -0.0361517 0.00229347)
(0.972521 -0.0295308 0.00227613)
(0.972679 -0.0232519 0.00228146)
(0.973682 -0.0177118 0.00231025)
(0.975397 -0.0133447 0.0023663)
(1.05564 -0.208617 0.00331352)
(1.03945 -0.190696 0.00326918)
(1.02729 -0.172146 0.00323507)
(1.01842 -0.15389 0.00319519)
(1.01203 -0.136655 0.00313965)
(1.00735 -0.12096 0.00306525)
(1.0037 -0.107092 0.00297411)
(1.00059 -0.0951156 0.00287121)
(0.997658 -0.0848959 0.00276226)
(0.994728 -0.0761535 0.00265257)
(0.991738 -0.0685261 0.00254674)
(0.988726 -0.0616284 0.00244892)
(0.985796 -0.0551054 0.00236279)
(0.983103 -0.0486789 0.00229144)
(0.980825 -0.042188 0.00223702)
(0.979144 -0.0356201 0.00220048)
(0.978217 -0.0291237 0.00218186)
(0.978134 -0.0229944 0.00218109)
(0.978883 -0.0176283 0.00219955)
(0.980306 -0.0134477 0.00224205)
(1.06923 -0.191609 0.00329425)
(1.05349 -0.177106 0.00321398)
(1.04104 -0.161443 0.00314688)
(1.03145 -0.145538 0.00307998)
(1.02413 -0.130163 0.00300513)
(1.01847 -0.115902 0.00291964)
(1.01389 -0.103122 0.00282519)
(1.00993 -0.0919614 0.00272577)
(1.00626 -0.0823526 0.0026257)
(1.00269 -0.074067 0.00252854)
(0.999152 -0.0667798 0.00243688)
(0.995684 -0.0601341 0.0023528)
(0.992381 -0.0538 0.00227812)
(0.989388 -0.0475241 0.00221445)
(0.986871 -0.0411706 0.0021629)
(0.984997 -0.0347494 0.00212394)
(0.983898 -0.0284251 0.00209757)
(0.98364 -0.0224986 0.00208417)
(0.984184 -0.0173599 0.00208602)
(0.985351 -0.0134152 0.00210914)
(1.08127 -0.174145 0.00329143)
(1.06608 -0.162902 0.00317769)
(1.05352 -0.150132 0.00308114)
(1.04335 -0.136671 0.00299107)
(1.03522 -0.123274 0.00290055)
(1.02866 -0.110554 0.00280704)
(1.02321 -0.0989344 0.00271161)
(1.01846 -0.0886245 0.0026172)
(1.0141 -0.079626 0.00252678)
(1.00996 -0.0717719 0.00244216)
(1.00595 -0.064787 0.00236393)
(1.00211 -0.0583546 0.00229193)
(0.998531 -0.0521793 0.00222597)
(0.995336 -0.0460391 0.00216605)
(0.99268 -0.0398261 0.00211231)
(0.990705 -0.0335723 0.00206491)
(0.989519 -0.0274546 0.00202415)
(0.989157 -0.0217745 0.00199127)
(0.989552 -0.01691 0.00196982)
(0.990502 -0.013246 0.00196739)
(1.09168 -0.156824 0.00332994)
(1.07715 -0.148533 0.00318125)
(1.06464 -0.138515 0.00305473)
(1.05409 -0.127475 0.00294139)
(1.0453 -0.116098 0.00283516)
(1.03796 -0.104984 0.00273342)
(1.03172 -0.0945826 0.00263655)
(1.02624 -0.085159 0.00254643)
(1.02125 -0.0767796 0.0024647)
(1.01658 -0.0693419 0.00239151)
(1.01217 -0.0626279 0.00232536)
(1.00802 -0.0563706 0.00226377)
(1.00424 -0.0503185 0.00220419)
(1.00092 -0.0442887 0.00214473)
(0.998216 -0.0382062 0.0020844)
(0.996228 -0.0321265 0.00202307)
(0.995036 -0.0262375 0.00196162)
(0.994641 -0.0208367 0.00190253)
(0.994945 -0.0162849 0.0018511)
(0.995723 -0.0129407 0.00181682)
(1.10032 -0.140159 0.0034306)
(1.08659 -0.134402 0.00324285)
(1.07432 -0.126875 0.00308263)
(1.06359 -0.118123 0.00294256)
(1.05433 -0.108727 0.00281731)
(1.04637 -0.0992322 0.00270417)
(1.03945 -0.0900855 0.0026028)
(1.03332 -0.081581 0.00251403)
(1.02775 -0.0738384 0.00243823)
(1.02261 -0.0668155 0.00237397)
(1.01784 -0.0603539 0.00231771)
(1.01344 -0.0542424 0.00226448)
(1.00951 -0.0482808 0.00220911)
(1.00614 -0.042333 0.00214742)
(1.00346 -0.0363631 0.00207691)
(1.00153 -0.0304538 0.00199702)
(1.00041 -0.0248037 0.00190928)
(1.00005 -0.0197041 0.00181779)
(1.00032 -0.0154943 0.00172999)
(1.00097 -0.0125019 0.00165773)
(1.1071 -0.124528 0.00360581)
(1.09428 -0.120834 0.00337487)
(1.08247 -0.115454 0.00317606)
(1.07179 -0.108773 0.00300394)
(1.06227 -0.101245 0.00285419)
(1.05386 -0.0933328 0.00272424)
(1.0464 -0.0854462 0.00261318)
(1.03972 -0.0778844 0.00252088)
(1.03366 -0.0708008 0.00244654)
(1.02811 -0.0642037 0.00238726)
(1.02301 -0.0579914 0.00233755)
(1.01841 -0.0520101 0.00228996)
(1.01437 -0.0461157 0.00223648)
(1.011 -0.040225 0.00217021)
(1.00839 -0.0343475 0.00208667)
(1.00659 -0.0285974 0.00198453)
(1.00559 -0.0231866 0.00186589)
(1.00533 -0.0183995 0.00173661)
(1.00562 -0.014551 0.00160667)
(1.00618 -0.0119337 0.00149071)
(1.11199 -0.110144 0.00385817)
(1.1002 -0.108052 0.00358231)
(1.08902 -0.104444 0.00334108)
(1.0786 -0.0995637 0.00313162)
(1.06906 -0.0937332 0.0029512)
(1.0604 -0.0873168 0.00279787)
(1.05257 -0.0806639 0.00267054)
(1.04547 -0.0740525 0.00256838)
(1.039 -0.0676491 0.00248958)
(1.03309 -0.0614978 0.00242996)
(1.02773 -0.0555462 0.00238227)
(1.02296 -0.0496951 0.00233668)
(1.01885 -0.043858 0.00228224)
(1.01552 -0.0380081 0.00220904)
(1.01302 -0.0322051 0.00211015)
(1.01138 -0.0265999 0.00198296)
(1.01056 -0.0214214 0.00182986)
(1.01044 -0.0169481 0.00165844)
(1.01079 -0.01347 0.00148149)
(1.01131 -0.0112422 0.00131674)
(1.11506 -0.097081 0.00418149)
(1.10436 -0.0961753 0.00386277)
(1.09395 -0.0939744 0.00357809)
(1.08401 -0.0906017 0.00332772)
(1.07465 -0.0862625 0.00311124)
(1.06595 -0.0812173 0.00292802)
(1.05792 -0.07574 0.00277736)
(1.05055 -0.0700673 0.00265821)
(1.04378 -0.0643581 0.00256803)
(1.0376 -0.0586766 0.00250163)
(1.03203 -0.053008 0.00245029)
(1.02713 -0.0473024 0.00240201)
(1.02299 -0.0415277 0.00234304)
(1.0197 -0.0357142 0.00226028)
(1.01734 -0.0299746 0.00214393)
(1.01589 -0.0245008 0.00198959)
(1.01528 -0.0195428 0.00179948)
(1.01533 -0.0153766 0.00158272)
(1.01579 -0.0122684 0.0013549)
(1.01629 -0.010435 0.00113712)
(1.11644 -0.0852987 0.00456329)
(1.10685 -0.0852349 0.00420772)
(1.09732 -0.0841105 0.0038821)
(1.088 -0.0819606 0.00359012)
(1.07901 -0.0788913 0.00333422)
(1.07046 -0.0750668 0.00311578)
(1.06243 -0.0706801 0.00293524)
(1.05493 -0.0659134 0.00279187)
(1.048 -0.0609015 0.00268294)
(1.04165 -0.0557122 0.00260261)
(1.03593 -0.0503562 0.00254104)
(1.03095 -0.0448233 0.00248445)
(1.0268 -0.0391308 0.00241651)
(1.02359 -0.0333629 0.00232101)
(1.02137 -0.0276854 0.00218502)
(1.02013 -0.0223337 0.00200188)
(1.01973 -0.0175831 0.0017731)
(1.01998 -0.0137117 0.0015089)
(1.02055 -0.0109644 0.00122751)
(1.02107 -0.00952124 0.000953399)
(1.11634 -0.0746881 0.00498757)
(1.10783 -0.075193 0.00460434)
(1.09921 -0.0748651 0.00424376)
(1.09061 -0.0736778 0.00391275)
(1.08215 -0.0716603 0.00361682)
(1.07394 -0.0688935 0.00335992)
(1.06606 -0.0654931 0.00314429)
(1.05861 -0.061581 0.00297021)
(1.05164 -0.0572559 0.00283533)
(1.04522 -0.0525758 0.00273368)
(1.03945 -0.047564 0.00265475)
(1.03443 -0.0422398 0.00258344)
(1.03031 -0.0366617 0.0025013)
(1.02719 -0.030962 0.00238921)
(1.02513 -0.0253566 0.00223109)
(1.02408 -0.020125 0.00201769)
(1.02391 -0.0155707 0.00174923)
(1.02434 -0.0119783 0.00143652)
(1.02504 -0.0095765 0.00109999)
(1.02558 -0.00851122 0.000767342)
(1.11498 -0.0651062 0.00543735)
(1.10747 -0.0659706 0.00503763)
(1.09977 -0.0662108 0.00465075)
(1.09195 -0.0657604 0.00428632)
(1.08411 -0.0645919 0.00395274)
(1.07637 -0.0627194 0.00365673)
(1.06881 -0.0601898 0.0034028)
(1.06155 -0.0570656 0.00319289)
(1.05468 -0.0534033 0.00302566)
(1.04832 -0.0492408 0.00289557)
(1.04257 -0.0446029 0.00279201)
(1.0376 -0.0395277 0.00269914)
(1.03355 -0.0341052 0.0025969)
(1.03054 -0.0285083 0.00246371)
(1.02863 -0.0229971 0.00228055)
(1.02777 -0.0178925 0.00203536)
(1.02779 -0.013528 0.00172667)
(1.02841 -0.0101989 0.00136522)
(1.02923 -0.00812281 0.000973068)
(1.02979 -0.00741615 0.000580737)
(1.1126 -0.0564035 0.00589652)
(1.10599 -0.05747 0.00549217)
(1.09915 -0.0580967 0.00508932)
(1.09212 -0.0581932 0.00469942)
(1.08497 -0.0576931 0.00433325)
(1.07779 -0.0565591 0.00400013)
(1.07068 -0.0547814 0.00370706)
(1.06375 -0.0523679 0.00345808)
(1.05712 -0.0493321 0.00325342)
(1.05092 -0.0456858 0.00308857)
(1.0453 -0.0414464 0.00295345)
(1.04044 -0.0366607 0.00283206)
(1.0365 -0.0314408 0.00270342)
(1.03363 -0.0259903 0.00254409)
(1.03187 -0.020606 0.00233246)
(1.03119 -0.0156453 0.00205376)
(1.0314 -0.0114709 0.00170448)
(1.03217 -0.00839179 0.00129467)
(1.03309 -0.00661998 0.000847366)
(1.03366 -0.00624784 0.000395275)
(1.10943 -0.0484418 0.00635108)
(1.1036 -0.0495922 0.00595353)
(1.09754 -0.0504621 0.0055456)
(1.09127 -0.0509485 0.0051396)
(1.08483 -0.0509597 0.00474797)
(1.07827 -0.0504213 0.00438214)
(1.0717 -0.0492786 0.00405149)
(1.06521 -0.047493 0.00376232)
(1.05893 -0.0450377 0.00351685)
(1.05301 -0.0418962 0.00331216)
(1.04762 -0.0380722 0.00313927)
(1.04295 -0.0336137 0.00298273)
(1.03919 -0.0286449 0.00282129)
(1.03648 -0.0233906 0.00263041)
(1.03489 -0.0181748 0.00238645)
(1.03437 -0.0133845 0.00207221)
(1.03472 -0.00940837 0.00168199)
(1.03562 -0.00657073 0.00122464)
(1.0366 -0.00508252 0.000723392)
(1.03716 -0.00501809 0.000212417)
(1.10568 -0.0411032 0.00678972)
(1.1005 -0.0422476 0.00640917)
(1.09513 -0.0432471 0.00600664)
(1.08955 -0.0439942 0.00559443)
(1.0838 -0.0443821 0.00518574)
(1.07789 -0.0443109 0.00479345)
(1.07191 -0.0436921 0.0044289)
(1.06595 -0.0424498 0.00410057)
(1.06012 -0.040522 0.00381284)
(1.05459 -0.0378646 0.00356477)
(1.04952 -0.0344649 0.00334904)
(1.04513 -0.0303654 0.00315134)
(1.04159 -0.0256946 0.00295097)
(1.03908 -0.0206888 0.002723)
(1.03767 -0.0156893 0.00244256)
(1.0373 -0.0111041 0.00209042)
(1.03778 -0.00734283 0.00165877)
(1.03877 -0.00474435 0.00115489)
(1.03978 -0.00352212 0.000601461)
(1.04029 -0.00373815 3.32886e-05)
(1.10154 -0.0342925 0.007204)
(1.09688 -0.035361 0.00684891)
(1.09208 -0.0363994 0.00646118)
(1.08713 -0.0373007 0.00605233)
(1.08201 -0.0379502 0.00563546)
(1.07675 -0.0382321 0.00522415)
(1.07139 -0.0380338 0.00483105)
(1.066 -0.0372512 0.00446649)
(1.0607 -0.0357934 0.00413697)
(1.05564 -0.0335918 0.0038437)
(1.05099 -0.0306164 0.0035814)
(1.04695 -0.0269005 0.00333754)
(1.04371 -0.0225701 0.00309263)
(1.04144 -0.0178645 0.00282224)
(1.04022 -0.0131322 0.00250099)
(1.04 -0.00879311 0.00210833)
(1.04059 -0.00527081 0.00163457)
(1.04162 -0.00291622 0.00108518)
(1.04263 -0.00194713 0.000481667)
(1.04305 -0.00241807 -0.000141386)
(1.09716 -0.0279357 0.00758817)
(1.0929 -0.0288735 0.00726506)
(1.08858 -0.0298771 0.00689999)
(1.08415 -0.0308436 0.00650312)
(1.07961 -0.0316564 0.00608675)
(1.07495 -0.0321905 0.00566433)
(1.0702 -0.0323179 0.00524916)
(1.06542 -0.0319142 0.00485284)
(1.06071 -0.0308666 0.0044837)
(1.05619 -0.0290862 0.00414512)
(1.05202 -0.0265269 0.00383408)
(1.0484 -0.0232108 0.00354026)
(1.04552 -0.0192567 0.00324605)
(1.04354 -0.0148992 0.00292829)
(1.04254 -0.0104854 0.00256201)
(1.04247 -0.00643717 0.00212603)
(1.04315 -0.00318425 0.00160923)
(1.0442 -0.00108525 0.00101523)
(1.04515 -0.000362296 0.000363883)
(1.04544 -0.00106611 -0.000311302)
(1.09267 -0.0219765 0.0079389)
(1.08871 -0.0227399 0.00765234)
(1.08474 -0.0236488 0.00731604)
(1.08075 -0.0246062 0.00693843)
(1.07671 -0.0254977 0.00653044)
(1.0726 -0.026195 0.00610471)
(1.06845 -0.0265615 0.00567443)
(1.06428 -0.0264599 0.00525188)
(1.06017 -0.0257619 0.00484673)
(1.05624 -0.0243635 0.00446429)
(1.05262 -0.0222047 0.00410387)
(1.04949 -0.0192962 0.00375764)
(1.04702 -0.0157462 0.0034104)
(1.04538 -0.0117791 0.00304102)
(1.04462 -0.00773228 0.00262574)
(1.04471 -0.00402081 0.00214363)
(1.04546 -0.00107199 0.00158266)
(1.0465 0.000753595 0.000944765)
(1.04737 0.00123119 0.000247773)
(1.04748 0.000311776 -0.000476564)
(1.08817 -0.016372 0.00825482)
(1.0844 -0.0169268 0.00800758)
(1.08071 -0.0176918 0.0077044)
(1.07706 -0.0185779 0.00735179)
(1.07344 -0.0194757 0.0069589)
(1.06982 -0.0202579 0.00653702)
(1.06621 -0.0207852 0.00609859)
(1.06263 -0.0209133 0.00565587)
(1.05914 -0.020505 0.00521932)
(1.05581 -0.0194459 0.00479579)
(1.05278 -0.0176658 0.00438677)
(1.05019 -0.0151643 0.00398705)
(1.0482 -0.0120376 0.00358424)
(1.04693 -0.00849564 0.00315982)
(1.04645 -0.00485956 0.0026921)
(1.04671 -0.00152922 0.00216117)
(1.04753 0.00107871 0.00155476)
(1.04854 0.00260832 0.000873429)
(1.04928 0.00283544 0.000132828)
(1.04919 0.00171223 -0.00063763)
(1.27766 -0.0487899 0.0082833)
(1.27037 -0.082711 0.00741954)
(1.2582 -0.116362 0.00655329)
(1.24122 -0.149565 0.00573979)
(1.21936 -0.181469 0.0050263)
(1.1926 -0.210347 0.00444135)
(1.16128 -0.233837 0.00399077)
(1.12629 -0.249684 0.00366516)
(1.0892 -0.256676 0.00345213)
(1.05207 -0.255202 0.00334099)
(1.26007 -0.0459622 0.00835748)
(1.25422 -0.0742258 0.00754244)
(1.24417 -0.102321 0.00670655)
(1.23 -0.130369 0.00589952)
(1.21163 -0.157991 0.00516999)
(1.18898 -0.184064 0.00455618)
(1.16226 -0.206747 0.00407685)
(1.13211 -0.223929 0.00372971)
(1.09976 -0.233994 0.00350003)
(1.06687 -0.236522 0.00337129)
(1.24503 -0.0437125 0.00845136)
(1.24041 -0.0672317 0.00769361)
(1.23217 -0.0905909 0.00689904)
(1.22043 -0.114079 0.00610912)
(1.2051 -0.137634 0.00536889)
(1.18606 -0.160606 0.00472106)
(1.16335 -0.181678 0.00419658)
(1.13739 -0.19907 0.00380664)
(1.10911 -0.211084 0.00354333)
(1.07987 -0.21676 0.0033886)
(1.23188 -0.0419491 0.00854949)
(1.22826 -0.061494 0.00785668)
(1.22154 -0.0808466 0.0071148)
(1.21186 -0.100379 0.00635606)
(1.19915 -0.120219 0.00561849)
(1.18327 -0.140052 0.00494371)
(1.16412 -0.159004 0.00436987)
(1.14193 -0.175698 0.00392171)
(1.11733 -0.188579 0.00360428)
(1.09141 -0.196435 0.0034056)
(1.22017 -0.0405632 0.00863931)
(1.21733 -0.0567766 0.00801723)
(1.21184 -0.0727563 0.00733779)
(1.20386 -0.0889037 0.00662425)
(1.19338 -0.105451 0.00590604)
(1.18022 -0.122301 0.00521957)
(1.16423 -0.138915 0.00460441)
(1.14545 -0.154293 0.00409458)
(1.12426 -0.167142 0.00370897)
(1.10147 -0.176231 0.00344745)
(1.2096 -0.0394497 0.00871195)
(1.20736 -0.0528631 0.00816413)
(1.20283 -0.0660082 0.00755434)
(1.19623 -0.0792857 0.0068979)
(1.18757 -0.0929749 0.00621552)
(1.17671 -0.107112 0.00553612)
(1.16346 -0.12139 0.00489604)
(1.14774 -0.135119 0.00433302)
(1.12972 -0.147291 0.00387656)
(1.10993 -0.1568 0.00353989)
(1.19996 -0.0385177 0.00876199)
(1.19817 -0.0495681 0.00828984)
(1.19438 -0.060328 0.00775416)
(1.18885 -0.0711822 0.00716367)
(1.18165 -0.0824249 0.00653118)
(1.17268 -0.0941655 0.00587742)
(1.16176 -0.106252 0.00523261)
(1.14872 -0.118222 0.00463331)
(1.13358 -0.129325 0.00411461)
(1.11663 -0.138643 0.00370097)
(1.19113 -0.0376951 0.00878688)
(1.18964 -0.0467402 0.00838999)
(1.18639 -0.0554859 0.00793032)
(1.18168 -0.0642944 0.00741146)
(1.17562 -0.0734566 0.00683953)
(1.16818 -0.0831199 0.00622749)
(1.15917 -0.0932279 0.00559818)
(1.14841 -0.103481 0.00498356)
(1.13582 -0.113333 0.00441954)
(1.1215 -0.122058 0.00393756)
(1.18301 -0.0369282 0.0087862)
(1.18171 -0.0442611 0.00846272)
(1.17885 -0.0512965 0.00807885)
(1.17474 -0.0583724 0.00763439)
(1.16954 -0.0657682 0.00713016)
(1.16327 -0.0736476 0.00657237)
(1.15579 -0.0820133 0.00597639)
(1.14692 -0.0906751 0.00536781)
(1.13651 -0.0992416 0.00477964)
(1.12455 -0.107152 0.00424588)
(1.17552 -0.0361806 0.00876105)
(1.17433 -0.0420414 0.00850809)
(1.17172 -0.0476148 0.00819817)
(1.16804 -0.0532151 0.00782844)
(1.16347 -0.0591067 0.00739581)
(1.15808 -0.0654584 0.006901)
(1.15179 -0.0723085 0.0063526)
(1.14443 -0.0795404 0.00576925)
(1.13583 -0.0868738 0.00517885)
(1.12591 -0.093881 0.00461418)
(1.16862 -0.0354292 0.00871345)
(1.16746 -0.0400155 0.00852741)
(1.16501 -0.0443299 0.0082884)
(1.16161 -0.0486643 0.0079919)
(1.15748 -0.0532675 0.00763205)
(1.15273 -0.0583074 0.00720542)
(1.14731 -0.063844 0.00671489)
(1.14111 -0.0698108 0.00617249)
(1.13397 -0.0760072 0.00559993)
(1.12575 -0.0821076 0.00502627)
(1.16224 -0.0346618 0.0086459)
(1.16108 -0.0381371 0.00852281)
(1.15871 -0.0413588 0.00835092)
(1.15548 -0.0445983 0.00812476)
(1.15163 -0.048089 0.00783677)
(1.14731 -0.0519952 0.00748054)
(1.14252 -0.0563905 0.00705443)
(1.13718 -0.0612433 0.00656468)
(1.13116 -0.0664112 0.00602675)
(1.1243 -0.0716457 0.00546452)
(1.15635 -0.0338736 0.00856109)
(1.15515 -0.0363739 0.00849682)
(1.1528 -0.0386403 0.00838782)
(1.14966 -0.0409248 0.00822826)
(1.14597 -0.0434463 0.00800965)
(1.14192 -0.0463642 0.00772365)
(1.13755 -0.0497607 0.00736529)
(1.13282 -0.0536298 0.00693602)
(1.12762 -0.0578724 0.00644557)
(1.12181 -0.0622992 0.00591218)
(1.15092 -0.0330653 0.00846164)
(1.14966 -0.0347046 0.0084521)
(1.14729 -0.0361296 0.00840162)
(1.14416 -0.0375743 0.0083044)
(1.14055 -0.0392439 0.00815166)
(1.13665 -0.0412918 0.00793396)
(1.13253 -0.0438059 0.00764405)
(1.12819 -0.0467995 0.00727967)
(1.12356 -0.0502068 0.00684563)
(1.11852 -0.0538853 0.00635474)
(1.14589 -0.0322407 0.00834994)
(1.14456 -0.0331151 0.00839123)
(1.14214 -0.033794 0.00839496)
(1.139 -0.0344947 0.00835563)
(1.1354 -0.0354088 0.00826463)
(1.13154 -0.0366835 0.00811209)
(1.12754 -0.0384102 0.00788934)
(1.12343 -0.0406166 0.00759143)
(1.11916 -0.0432636 0.00721921)
(1.11464 -0.0462461 0.00678058)
(1.14125 -0.0314053 0.00822811)
(1.13983 -0.0315965 0.0083166)
(1.13736 -0.0316098 0.0083704)
(1.13416 -0.0316467 0.00838455)
(1.13052 -0.0318856 0.00835089)
(1.12664 -0.0324672 0.00825962)
(1.12266 -0.0334842 0.00810135)
(1.11864 -0.0349754 0.00786932)
(1.11456 -0.0369232 0.00756133)
(1.11037 -0.0392529 0.00718116)
(1.13695 -0.0305654 0.0080979)
(1.13545 -0.030143 0.0082303)
(1.13291 -0.0295593 0.00833035)
(1.12964 -0.0290001 0.00839374)
(1.12593 -0.0286317 0.00841302)
(1.12198 -0.0285871 0.00837875)
(1.11795 -0.028959 0.00828138)
(1.11392 -0.0297945 0.00811305)
(1.1099 -0.0310927 0.00786936)
(1.10586 -0.0328042 0.0075508)
(1.13296 -0.0297273 0.00796071)
(1.13139 -0.028751 0.00813407)
(1.12877 -0.0276288 0.00827692)
(1.12542 -0.0265317 0.00838565)
(1.12162 -0.0256135 0.0084536)
(1.11757 -0.0249997 0.00847199)
(1.11344 -0.0247812 0.00843146)
(1.10933 -0.0250107 0.00832361)
(1.10527 -0.0257006 0.00814256)
(1.10126 -0.0268222 0.00788628)
(1.12925 -0.0288969 0.00781757)
(1.12761 -0.027418 0.00802934)
(1.12493 -0.0258076 0.00821192)
(1.1215 -0.0242223 0.00836245)
(1.11759 -0.022804 0.00847511)
(1.11342 -0.02167 0.00854194)
(1.10916 -0.0209082 0.00855402)
(1.10491 -0.0205746 0.00850283)
(1.10073 -0.0206917 0.0083816)
(1.09665 -0.0212471 0.00818643)
(1.1258 -0.0280791 0.00766919)
(1.1241 -0.0261418 0.00791718)
(1.12135 -0.0240866 0.00813685)
(1.11784 -0.0220563 0.00832603)
(1.11383 -0.0201809 0.00847983)
(1.10953 -0.0185692 0.00859113)
(1.10511 -0.0173053 0.00865165)
(1.10069 -0.0164465 0.00865307)
(1.09635 -0.0160221 0.00858811)
(1.09213 -0.0160327 0.00845161)
(1.06454 0.226044 0.0160649)
(1.07721 0.259239 0.0163664)
(1.09109 0.299058 0.0167587)
(1.10522 0.347133 0.0172181)
(1.11772 0.405255 0.0176896)
(1.12545 0.474924 0.0180849)
(1.12404 0.55619 0.018302)
(1.10849 0.645505 0.0182878)
(1.07465 0.7334 0.0181636)
(1.02092 0.80465 0.0183771)
(1.11325 0.219548 0.0155713)
(1.13167 0.251139 0.0158089)
(1.15283 0.288855 0.0161303)
(1.17629 0.334228 0.0165084)
(1.20073 0.388982 0.0168793)
(1.22329 0.454652 0.0171382)
(1.23893 0.531538 0.017162)
(1.24038 0.616657 0.0168856)
(1.21948 0.701201 0.0164508)
(1.17019 0.770003 0.0163751)
(1.15689 0.207751 0.0146701)
(1.17953 0.237138 0.0148815)
(1.20612 0.272018 0.0151618)
(1.23683 0.313799 0.0154816)
(1.27107 0.364096 0.0157699)
(1.30673 0.424394 0.0159066)
(1.33898 0.495104 0.0157471)
(1.35927 0.573653 0.0152149)
(1.35581 0.651941 0.0144834)
(1.31702 0.715408 0.0141701)
(1.19464 0.190365 0.0136403)
(1.22016 0.217016 0.0138447)
(1.25051 0.248473 0.0140998)
(1.28642 0.286005 0.0143756)
(1.32808 0.331085 0.0145966)
(1.37436 0.385081 0.0146305)
(1.42121 0.448378 0.0143111)
(1.45983 0.518591 0.0135462)
(1.47584 0.588159 0.0125386)
(1.45225 0.643352 0.0120181)
(1.22666 0.167118 0.0126815)
(1.25391 0.190603 0.0128746)
(1.28661 0.218194 0.0131027)
(1.32595 0.251011 0.0133369)
(1.37286 0.290366 0.0134999)
(1.42718 0.33746 0.0134504)
(1.48593 0.392538 0.0130046)
(1.54075 0.453182 0.0120547)
(1.57581 0.512096 0.0108254)
(1.5697 0.556347 0.0101516)
(1.25325 0.138175 0.0118728)
(1.2813 0.158155 0.012038)
(1.31523 0.181541 0.0122291)
(1.35662 0.209301 0.0124186)
(1.40702 0.242574 0.0125291)
(1.46713 0.282359 0.0124144)
(1.53505 0.328663 0.0118802)
(1.60318 0.378843 0.0108097)
(1.65513 0.425588 0.00944875)
(1.66631 0.456601 0.00871969)
(1.27434 0.10438 0.0111871)
(1.30252 0.120548 0.0113109)
(1.33691 0.13942 0.0114583)
(1.37938 0.161819 0.0116033)
(1.43197 0.188705 0.0116688)
(1.49613 0.220843 0.0115077)
(1.57083 0.257918 0.0109237)
(1.64927 0.296884 0.00980515)
(1.71497 0.33017 0.00842708)
(1.74138 0.345961 0.00778104)
(1.28959 0.0671392 0.0105423)
(1.31751 0.0791498 0.0106232)
(1.35188 0.0931692 0.0107308)
(1.39484 0.10988 0.0108394)
(1.44879 0.130063 0.0108724)
(1.51571 0.154215 0.010685)
(1.59525 0.181605 0.0100896)
(1.68117 0.208613 0.00899785)
(1.75707 0.227219 0.00772888)
(1.79546 0.226035 0.0073271)
(1.29872 0.027987 0.00985927)
(1.32618 0.0354553 0.00990762)
(1.3603 0.044251 0.00998849)
(1.40341 0.0549307 0.0100753)
(1.45819 0.0680879 0.0100918)
(1.52698 0.0839059 0.00989895)
(1.60975 0.101117 0.00932964)
(1.70053 0.115362 0.00833922)
(1.78301 0.118061 0.00730745)
(1.82952 0.0983555 0.00731265)
(1.30169 -0.0118477 0.00909644)
(1.3286 -0.00928626 0.00912873)
(1.36236 -0.00604705 0.0092)
(1.40544 -0.00168889 0.00928116)
(1.46071 0.00417679 0.00929638)
(1.53063 0.0113412 0.00911759)
(1.61519 0.0178574 0.00861107)
(1.70833 0.0184764 0.00779601)
(1.7938 0.00406074 0.0071235)
(1.84443 -0.0354059 0.00767795)
(0.641342 -0.0641332 0.00744121)
(0.616743 -0.0594384 0.00995444)
(0.591996 -0.051054 0.0130237)
(0.56717 -0.0383719 0.0166061)
(0.542274 -0.0206445 0.0206398)
(0.517254 0.00312676 0.0250487)
(0.49201 0.0342746 0.0297459)
(0.466419 0.0744698 0.0346377)
(0.440378 0.125552 0.0396305)
(0.413872 0.189019 0.0446473)
(0.685275 0.00857999 0.00557979)
(0.657103 0.0164698 0.00716966)
(0.628115 0.0285453 0.00933892)
(0.598577 0.0454676 0.0120968)
(0.568741 0.0677395 0.0154251)
(0.538827 0.0958583 0.0192797)
(0.509004 0.130503 0.023594)
(0.479393 0.172643 0.0282842)
(0.450102 0.223432 0.0332592)
(0.421284 0.283747 0.0384371)
(0.726396 0.0686988 0.0052906)
(0.696262 0.0811071 0.0063089)
(0.664368 0.0980861 0.00782043)
(0.631082 0.120674 0.00987039)
(0.596864 0.149437 0.0124854)
(0.562263 0.184426 0.0156687)
(0.52786 0.225392 0.0193992)
(0.494201 0.272119 0.0236328)
(0.461746 0.3246 0.0283094)
(0.430871 0.382787 0.0333683)
(0.764201 0.115624 0.00575068)
(0.733914 0.133363 0.00650081)
(0.700967 0.155928 0.00764707)
(0.665691 0.184765 0.00923496)
(0.628598 0.220821 0.0113038)
(0.590431 0.264086 0.0138823)
(0.552151 0.313488 0.0169871)
(0.5148 0.367293 0.0206236)
(0.479325 0.423737 0.0247879)
(0.44643 0.481321 0.0294738)
(0.799794 0.151203 0.00685077)
(0.77114 0.174237 0.0074732)
(0.739129 0.202435 0.00841102)
(0.703973 0.237454 0.00970061)
(0.666103 0.280646 0.0113759)
(0.626269 0.33228 0.013465)
(0.585599 0.39089 0.0159934)
(0.545502 0.45332 0.0189949)
(0.507389 0.515638 0.0225212)
(0.472352 0.574264 0.026643)
(0.835262 0.178201 0.00863011)
(0.810179 0.205807 0.00919837)
(0.781313 0.239054 0.00999796)
(0.748628 0.279642 0.011056)
(0.712352 0.32917 0.0124015)
(0.673096 0.388274 0.0140586)
(0.631955 0.455517 0.0160488)
(0.590464 0.52677 0.0184116)
(0.55031 0.595954 0.0212343)
(0.512901 0.656938 0.0246659)
(0.873028 0.1987 0.0108636)
(0.853646 0.229777 0.0114256)
(0.830475 0.267031 0.0121425)
(0.803029 0.312151 0.0130247)
(0.771084 0.366828 0.0140873)
(0.73488 0.431972 0.0153454)
(0.695276 0.506376 0.0168155)
(0.65374 0.585459 0.0185371)
(0.612044 0.661407 0.0206211)
(0.571773 0.725431 0.0232883)
(0.915136 0.213637 0.0130988)
(0.903363 0.246912 0.0136504)
(0.888386 0.286832 0.0143101)
(0.869187 0.335086 0.0150711)
(0.844812 0.393406 0.0159242)
(0.814702 0.462872 0.016859)
(0.779037 0.542544 0.0178712)
(0.738883 0.627752 0.0189919)
(0.695928 0.709499 0.0203505)
(0.651896 0.776592 0.0222382)
(0.962275 0.223179 0.0148716)
(0.95915 0.257406 0.0153664)
(0.954002 0.298546 0.0159527)
(0.94547 0.348302 0.0166142)
(0.931874 0.408448 0.0173201)
(0.911515 0.480219 0.0180273)
(0.883217 0.562966 0.0186948)
(0.84686 0.652181 0.0193258)
(0.803492 0.738207 0.0200528)
(0.754852 0.80789 0.0212305)
(1.01309 0.227293 0.0158813)
(1.01844 0.261417 0.0162796)
(1.02333 0.302447 0.0167685)
(1.02644 0.352074 0.0173276)
(1.02573 0.412104 0.0179121)
(1.01849 0.483924 0.0184528)
(1.0018 0.567237 0.0188734)
(0.973341 0.657931 0.0191431)
(0.932275 0.746197 0.0193841)
(0.879546 0.817492 0.0199987)
(0.910567 -0.0530861 0.0195067)
(0.906462 -0.050559 0.01828)
(0.901883 -0.0482296 0.0170196)
(0.896727 -0.0461537 0.0157313)
(0.890882 -0.0443927 0.0144223)
(0.884224 -0.0430132 0.0131013)
(0.876628 -0.0420845 0.011778)
(0.867967 -0.0416767 0.0104641)
(0.858123 -0.0418556 0.00917322)
(0.846993 -0.0426775 0.00792199)
(0.834496 -0.0441801 0.00673117)
(0.820585 -0.0463711 0.00562728)
(0.805247 -0.0492136 0.00464431)
(0.788513 -0.0526074 0.00382504)
(0.770456 -0.0563685 0.00322133)
(0.751186 -0.0602097 0.00289271)
(0.730841 -0.0637275 0.00290276)
(0.70958 -0.066403 0.00331352)
(0.687563 -0.0676225 0.00417872)
(0.664944 -0.0667155 0.00553736)
(0.917579 -0.0486271 0.0215229)
(0.914405 -0.0453118 0.0203141)
(0.910942 -0.0420222 0.0190656)
(0.907111 -0.0387843 0.0177829)
(0.902819 -0.0356281 0.016473)
(0.897961 -0.0325867 0.015145)
(0.892421 -0.0296952 0.0138094)
(0.88607 -0.0269896 0.0124786)
(0.878778 -0.0245045 0.0111667)
(0.870409 -0.0222701 0.00988932)
(0.860837 -0.0203079 0.00866429)
(0.849947 -0.0186234 0.00751157)
(0.837646 -0.0171967 0.00645413)
(0.823867 -0.0159685 0.00551877)
(0.808577 -0.0148204 0.00473693)
(0.791777 -0.0135493 0.00414528)
(0.773502 -0.0118363 0.0037854)
(0.753811 -0.00921338 0.00370239)
(0.732779 -0.00503604 0.00394196)
(0.710482 0.00152693 0.00454635)
(0.923096 -0.0456917 0.0232998)
(0.920544 -0.0418991 0.022093)
(0.917834 -0.0380231 0.020839)
(0.914909 -0.0340682 0.0195426)
(0.9117 -0.0300406 0.0182102)
(0.908122 -0.0259466 0.0168503)
(0.904077 -0.0217925 0.0154739)
(0.89945 -0.017583 0.0140938)
(0.894115 -0.0133199 0.0127254)
(0.887933 -0.00899936 0.011386)
(0.880758 -0.00460907 0.0100949)
(0.872443 -0.000123466 0.00887312)
(0.862844 0.00450302 0.00774326)
(0.851833 0.00934608 0.00672966)
(0.839297 0.0145266 0.00585841)
(0.825151 0.0202324 0.0051576)
(0.809338 0.0267495 0.00465739)
(0.791829 0.0345025 0.00438975)
(0.772617 0.0441048 0.00438762)
(0.751713 0.056409 0.00468323)
(0.927615 -0.0437022 0.0248634)
(0.925483 -0.039613 0.0236463)
(0.923285 -0.0353721 0.0223748)
(0.920983 -0.030969 0.0210525)
(0.918526 -0.0263922 0.0196855)
(0.915849 -0.0216284 0.0182816)
(0.912874 -0.0166619 0.0168518)
(0.909504 -0.0114732 0.0154094)
(0.905625 -0.00603689 0.0139711)
(0.901108 -0.000319936 0.012556)
(0.895807 0.00572166 0.0111861)
(0.889563 0.012147 0.00988567)
(0.882212 0.0190361 0.00868076)
(0.873589 0.0264987 0.00759878)
(0.86354 0.0346868 0.00666796)
(0.851925 0.0438138 0.00591698)
(0.838634 0.0541817 0.00537449)
(0.823592 0.0662202 0.00506873)
(0.806764 0.0805379 0.00502685)
(0.788163 0.0979837 0.005274)
(0.931452 -0.0423081 0.0262328)
(0.929614 -0.0380207 0.0249943)
(0.927778 -0.0335382 0.0236944)
(0.925918 -0.0288389 0.0223364)
(0.923999 -0.0238985 0.0209258)
(0.921973 -0.018689 0.0194707)
(0.919778 -0.013178 0.017982)
(0.917334 -0.00732718 0.0164743)
(0.914545 -0.00109047 0.0149658)
(0.911294 0.00558836 0.0134783)
(0.907442 0.0127788 0.0120376)
(0.902835 0.0205679 0.0106725)
(0.897306 0.0290662 0.00941442)
(0.890678 0.0384158 0.00829673)
(0.882785 0.0488029 0.00735334)
(0.873475 0.0604749 0.00661774)
(0.86264 0.073766 0.0061218)
(0.850228 0.0891327 0.00589456)
(0.836272 0.1072 0.00596098)
(0.820917 0.128816 0.00634049)
(0.934801 -0.041301 0.0274254)
(0.933184 -0.0368649 0.0261542)
(0.931621 -0.0322044 0.0248152)
(0.930097 -0.0272894 0.0234117)
(0.928588 -0.0220855 0.0219492)
(0.927059 -0.0165531 0.0204364)
(0.925464 -0.0106467 0.0188854)
(0.923737 -0.00431295 0.0173127)
(0.921796 0.00251069 0.0157392)
(0.919538 0.00989892 0.0141909)
(0.916836 0.0179416 0.0126985)
(0.913544 0.0267483 0.0112973)
(0.909501 0.0364539 0.0100261)
(0.90454 0.0472271 0.00892599)
(0.898507 0.0592819 0.00803861)
(0.891287 0.072894 0.00740371)
(0.88284 0.0884236 0.00705687)
(0.873243 0.106346 0.00702683)
(0.862745 0.127288 0.00733281)
(0.851826 0.152067 0.00798173)
(0.937785 -0.040558 0.0284584)
(0.936347 -0.0359946 0.0271433)
(0.935008 -0.0311855 0.0257543)
(0.933762 -0.0260934 0.024295)
(0.932593 -0.0206754 0.0227719)
(0.93148 -0.0148823 0.0211948)
(0.930385 -0.00865744 0.0195784)
(0.929257 -0.00193498 0.0179419)
(0.928025 0.00536176 0.0163109)
(0.926597 0.013323 0.0147168)
(0.924856 0.0220557 0.0131975)
(0.922665 0.0316881 0.0117963)
(0.919875 0.0423749 0.0105611)
(0.916339 0.0543048 0.00954159)
(0.911949 0.0677105 0.00878651)
(0.906678 0.0828813 0.00833941)
(0.900646 0.100181 0.00823404)
(0.894198 0.120068 0.00848946)
(0.887987 0.143116 0.00910544)
(0.883055 0.170027 0.0100586)
(0.940481 -0.0400052 0.0293495)
(0.9392 -0.035321 0.0279792)
(0.938063 -0.0303738 0.0265292)
(0.937068 -0.0251198 0.0250037)
(0.936212 -0.0195088 0.023411)
(0.935479 -0.0134828 0.0217632)
(0.934844 -0.00697511 0.0200783)
(0.934264 9.1341e-05 0.0183805)
(0.933676 0.00780594 0.016701)
(0.932997 0.0162731 0.0150792)
(0.932114 0.0256152 0.0135616)
(0.930898 0.0359768 0.0122014)
(0.929213 0.0475284 0.0110556)
(0.926951 0.0604711 0.0101813)
(0.924087 0.0750414 0.00962985)
(0.920759 0.0915167 0.00944013)
(0.917369 0.110222 0.00963054)
(0.914685 0.131536 0.0101923)
(0.913922 0.155895 0.0110845)
(0.916773 0.183773 0.0122337)
(0.942943 -0.0395972 0.0301162)
(0.94181 -0.034791 0.0286798)
(0.940867 -0.0297065 0.0271577)
(0.940121 -0.0242939 0.025556)
(0.939574 -0.018496 0.023885)
(0.939221 -0.0122466 0.0221605)
(0.939044 -0.00546949 0.0204053)
(0.939008 0.0019231 0.0186499)
(0.939055 0.0100329 0.0169338)
(0.9391 0.0189782 0.0153058)
(0.939033 0.0288964 0.0138229)
(0.938725 0.0399464 0.0125482)
(0.938064 0.052309 0.0115465)
(0.937008 0.0661845 0.010877)
(0.935683 0.0817874 0.0105839)
(0.934498 0.09934 0.0106858)
(0.934269 0.119067 0.0111657)
(0.936296 0.141193 0.011966)
(0.942343 0.165937 0.01299)
(0.954498 0.193477 0.0141122)
(0.94521 -0.0393054 0.0307756)
(0.944224 -0.0343725 0.0292623)
(0.94348 -0.0291471 0.0276577)
(0.942992 -0.0235738 0.0259699)
(0.942772 -0.0175882 0.0242127)
(0.942822 -0.0111163 0.0224067)
(0.943131 -0.00407261 0.0205811)
(0.943668 0.00364162 0.0187749)
(0.944373 0.012141 0.0170377)
(0.945155 0.0215582 0.0154294)
(0.945894 0.0320456 0.0140183)
(0.946467 0.0437731 0.0128761)
(0.946802 0.0569204 0.0120702)
(0.946981 0.0716623 0.0116514)
(0.947379 0.0881486 0.0116406)
(0.948801 0.106487 0.0120155)
(0.952559 0.126738 0.0127045)
(0.960416 0.148923 0.0135905)
(0.974364 0.173022 0.0145288)
(0.996285 0.198926 0.0153732)
(0.947234 -0.0391623 0.0313344)
(0.946416 -0.0342103 0.0297751)
(0.945887 -0.028968 0.0281227)
(0.945669 -0.0233788 0.0263875)
(0.945784 -0.0173773 0.024586)
(0.946241 -0.0108882 0.0227427)
(0.94704 -0.00382465 0.0208918)
(0.948155 0.00391408 0.0190783)
(0.949528 0.0124447 0.0173583)
(0.951065 0.021902 0.0157983)
(0.952646 0.0324367 0.0144713)
(0.954159 0.044208 0.0134499)
(0.955581 0.0573646 0.0127951)
(0.957111 0.0720166 0.0125408)
(0.959316 0.0882032 0.0126788)
(0.963241 0.105875 0.0131476)
(0.970383 0.124906 0.0138341)
(0.982485 0.145124 0.0145904)
(1.00118 0.166331 0.0152645)
(1.02764 0.188242 0.0157336)
(0.949071 -0.0391542 0.031824)
(0.948432 -0.0342931 0.030253)
(0.948119 -0.0291603 0.0285911)
(0.948163 -0.023703 0.0268498)
(0.948591 -0.0178609 0.0250474)
(0.949425 -0.0115645 0.0232105)
(0.950672 -0.00473397 0.0213754)
(0.952316 0.00272346 0.0195892)
(0.954304 0.0109155 0.0179096)
(0.956549 0.0199655 0.0164037)
(0.958931 0.0300085 0.0151426)
(0.961348 0.041178 0.014194)
(0.963796 0.0535796 0.0136088)
(0.966506 0.0672534 0.0134058)
(0.970078 0.0821383 0.0135567)
(0.97554 0.0980584 0.0139795)
(0.984256 0.114752 0.0145456)
(0.997655 0.131928 0.0151046)
(1.01688 0.149308 0.0155189)
(1.0425 0.166581 0.015696)
(0.950807 -0.0392149 0.032262)
(0.95034 -0.0344482 0.0306771)
(0.950237 -0.0294296 0.0290036)
(0.950534 -0.0241111 0.0272545)
(0.951269 -0.018438 0.0254498)
(0.952471 -0.0123476 0.0236183)
(0.954154 -0.00576767 0.0217984)
(0.956306 0.001386 0.0200391)
(0.958879 0.00921195 0.0183994)
(0.961782 0.0178226 0.016946)
(0.964893 0.0273378 0.0157475)
(0.96811 0.0378663 0.014865)
(0.971441 0.0494729 0.0143381)
(0.975134 0.0621353 0.0141698)
(0.979794 0.0757083 0.0143132)
(0.98639 0.0899221 0.0146697)
(0.996112 0.10443 0.0151026)
(1.01007 0.118889 0.015467)
(1.02897 0.133007 0.0156458)
(1.053 0.1465 0.0155775)
(0.952459 -0.0393398 0.0326577)
(0.952157 -0.0346704 0.031057)
(0.952256 -0.0297698 0.0293702)
(0.952801 -0.0245953 0.0276117)
(0.953835 -0.0190983 0.0258035)
(0.955396 -0.0132237 0.0239761)
(0.957503 -0.00690702 0.0221702)
(0.960147 -7.25333e-05 0.0204364)
(0.963277 0.00736937 0.0188345)
(0.966797 0.0155208 0.0174304)
(0.970576 0.0244872 0.016289)
(0.974508 0.0343539 0.0154639)
(0.978605 0.0451478 0.0149827)
(0.983121 0.0567914 0.0148328)
(0.988642 0.0690721 0.0149507)
(0.996055 0.0816547 0.0152259)
(1.00635 0.0941501 0.0155194)
(1.02035 0.106207 0.0156979)
(1.03844 0.117559 0.0156675)
(1.06053 0.127979 0.0153958)
(0.954041 -0.0395262 0.0330197)
(0.953897 -0.0349564 0.0314017)
(0.954191 -0.030177 0.0297001)
(0.954976 -0.0251506 0.0279309)
(0.956302 -0.0198355 0.0261177)
(0.958213 -0.0141837 0.0242932)
(0.960731 -0.00813907 0.0224996)
(0.963849 -0.00163383 0.0207893)
(0.967511 0.00541329 0.0192223)
(0.971609 0.013095 0.0178629)
(0.976003 0.021503 0.0167718)
(0.980576 0.0307009 0.0159942)
(0.98534 0.0406807 0.0155457)
(0.990544 0.0513171 0.0153987)
(0.996741 0.0623449 0.015476)
(1.00471 0.0733887 0.0156589)
(1.01527 0.0840476 0.0158114)
(1.02896 0.0939924 0.015815)
(1.04594 0.103007 0.0155997)
(1.06601 0.110927 0.0151595)
(0.955566 -0.0397723 0.0333552)
(0.955573 -0.0353045 0.0317187)
(0.956055 -0.0306491 0.0300013)
(0.957072 -0.0257745 0.0282203)
(0.958682 -0.0206455 0.026401)
(0.960931 -0.0152218 0.0245779)
(0.963848 -0.00945487 0.0227949)
(0.967421 -0.00328472 0.0211054)
(0.971588 0.00336254 0.0195696)
(0.976227 0.010571 0.0182497)
(0.981184 0.0184202 0.0172011)
(0.986333 0.0269528 0.0164607)
(0.991676 0.0361292 0.0160322)
(0.997454 0.0457837 0.0158741)
(1.00417 0.0556124 0.0158982)
(1.0125 0.0652197 0.0159813)
(1.02307 0.0742157 0.015994)
(1.03622 0.0823129 0.0158343)
(1.05196 0.0893546 0.0154554)
(1.07003 0.0952388 0.0148744)
(0.957047 -0.0400776 0.0336708)
(0.957196 -0.0357142 0.0320151)
(0.957859 -0.0311853 0.030281)
(0.9591 -0.0264654 0.0284872)
(0.960982 -0.021526 0.0266607)
(0.963559 -0.016334 0.0248376)
(0.966859 -0.0108483 0.0230633)
(0.970867 -0.00501574 0.0213919)
(0.975511 0.001231 0.0198831)
(0.980655 0.00796851 0.0185967)
(0.986128 0.0152647 0.0175827)
(0.991789 0.0231435 0.0168693)
(0.997635 0.0315367 0.0164486)
(1.00388 0.0402452 0.0162672)
(1.01099 0.0489386 0.016228)
(1.01951 0.0572174 0.0162067)
(1.02991 0.0647182 0.0160826)
(1.04238 0.0712058 0.0157711)
(1.05683 0.0765854 0.0152468)
(1.073 0.0808137 0.0145466)
(0.958492 -0.040442 0.0339723)
(0.958778 -0.0361853 0.0322969)
(0.959612 -0.0317857 0.0305454)
(0.961068 -0.0272232 0.0287382)
(0.963212 -0.0224761 0.0269035)
(0.966104 -0.0175183 0.025079)
(0.96977 -0.0123153 0.0233113)
(0.974192 -0.00682022 0.0216549)
(0.979285 -0.000971235 0.0201687)
(0.984896 0.0053017 0.0189097)
(0.990837 0.0120562 0.0179223)
(0.996955 0.0192985 0.0172259)
(1.00323 0.0269357 0.016802)
(1.00986 0.0347418 0.0165868)
(1.01724 0.0423708 0.0164768)
(1.02581 0.0494312 0.0163489)
(1.03592 0.0555968 0.0160925)
(1.04762 0.0606894 0.0156401)
(1.06079 0.0646741 0.0149858)
(1.07519 0.0675603 0.0141832)
(0.959911 -0.0408659 0.0342647)
(0.960325 -0.0367184 0.0325692)
(0.961324 -0.0324505 0.0308001)
(0.962984 -0.0280481 0.0289788)
(0.965379 -0.0234955 0.0271351)
(0.968571 -0.0187734 0.0253078)
(0.972586 -0.0138533 0.0235444)
(0.977399 -0.00869356 0.0218999)
(0.982911 -0.003237 0.0204319)
(0.988953 0.00258089 0.0191941)
(0.995319 0.00880838 0.0182253)
(1.00184 0.0154361 0.0175367)
(1.00848 0.0223497 0.0170999)
(1.01541 0.0293028 0.0168423)
(1.02296 0.0359423 0.0166561)
(1.03148 0.0418943 0.0164212)
(1.0412 0.0468759 0.0160378)
(1.05209 0.0507665 0.015455)
(1.06401 0.0535871 0.0146838)
(1.0768 0.0553929 0.013792)
(0.961312 -0.0413498 0.0345522)
(0.961847 -0.0373141 0.0328366)
(0.963 -0.0331807 0.0310496)
(0.964855 -0.0289406 0.0292139)
(0.967489 -0.0245844 0.0273603)
(0.970966 -0.0200988 0.0255288)
(0.975311 -0.0154607 0.0237677)
(0.98049 -0.0106327 0.0221318)
(0.986392 -0.00556139 0.0206773)
(0.99283 -0.000186832 0.0194547)
(0.999578 0.00553107 0.0184971)
(1.00645 0.0115692 0.0178078)
(1.0134 0.0177951 0.0173496)
(1.02055 0.0239479 0.0170428)
(1.02819 0.0296749 0.0167769)
(1.03658 0.0346264 0.0164362)
(1.04584 0.0385653 0.015932)
(1.05591 0.0414272 0.0152283)
(1.06665 0.0432837 0.0143515)
(1.07797 0.0442287 0.0133808)
(0.962699 -0.0418943 0.0348387)
(0.963348 -0.0379733 0.033103)
(0.964648 -0.0339768 0.0312981)
(0.966686 -0.0299013 0.0294476)
(0.969546 -0.0257432 0.0275834)
(0.973293 -0.0214943 0.0257464)
(0.977948 -0.0171365 0.0239854)
(0.98347 -0.0126357 0.0223548)
(0.989734 -0.00794121 0.0209093)
(0.996533 -0.00299687 0.019696)
(1.00362 0.00223044 0.0187425)
(1.0108 0.00770572 0.0180449)
(1.018 0.0132822 0.0175582)
(1.02532 0.0186894 0.0171969)
(1.03298 0.0235811 0.0168495)
(1.04117 0.0276356 0.0164055)
(1.04993 0.0306629 0.0157869)
(1.05919 0.0326509 0.0149715)
(1.06881 0.0337165 0.0139987)
(1.0788 0.0339859 0.0129573)
(0.964078 -0.0424999 0.0351273)
(0.964834 -0.0386963 0.0333718)
(0.966271 -0.0348394 0.0315491)
(0.968482 -0.0309309 0.0296835)
(0.971555 -0.0269721 0.0278081)
(0.975555 -0.0229599 0.0259642)
(0.980501 -0.01888 0.024201)
(0.986342 -0.0147011 0.0225725)
(0.992938 -0.0103744 0.0211316)
(1.00007 -0.00584644 0.019922)
(1.00746 -0.00108991 0.0189661)
(1.01491 0.00385037 0.0182534)
(1.02231 0.0088165 0.0177323)
(1.02974 0.0135334 0.0173129)
(1.03736 0.0176652 0.0168836)
(1.04529 0.0209213 0.0163395)
(1.05354 0.023157 0.0156131)
(1.062 0.0244088 0.0146941)
(1.07059 0.024833 0.0136337)
(1.07937 0.0245831 0.0125282)
(0.965453 -0.0431669 0.0354208)
(0.966307 -0.0394834 0.0336459)
(0.967873 -0.0357689 0.0318054)
(0.970247 -0.0320293 0.0299247)
(0.973519 -0.0282711 0.0280373)
(0.977755 -0.0244952 0.0261852)
(0.982972 -0.0206907 0.0244178)
(0.989109 -0.0168281 0.0227881)
(0.996011 -0.0128598 0.0213475)
(1.00344 -0.00873408 0.0201363)
(1.01111 -0.00442832 0.0191721)
(1.01878 4.96307e-06 0.0184384)
(1.02635 0.00439999 0.0178781)
(1.03384 0.00848079 0.017398)
(1.04137 0.0119256 0.0168874)
(1.04902 0.0144751 0.0162473)
(1.05674 0.0160284 0.0154195)
(1.06443 0.0166655 0.0144047)
(1.07205 0.0165771 0.0132637)
(1.07975 0.0159394 0.0120993)
(0.966826 -0.0438951 0.0357215)
(0.967772 -0.0403347 0.0339276)
(0.969457 -0.036765 0.0320697)
(0.971981 -0.0331965 0.0301736)
(0.975439 -0.0296398 0.0282736)
(0.979896 -0.0260997 0.0264121)
(0.985364 -0.0225677 0.0246382)
(0.991773 -0.0190157 0.0230044)
(0.998956 -0.0153964 0.02156)
(1.00665 -0.0116591 0.0203422)
(1.01457 -0.00778448 0.0193642)
(1.02244 -0.00383065 0.0186045)
(1.03013 3.1682e-05 0.0180013)
(1.03765 0.00352893 0.017459)
(1.04506 0.0063555 0.0168686)
(1.05239 0.00828347 0.0161367)
(1.05959 0.00925232 0.0152138)
(1.06654 0.00938126 0.0141101)
(1.07328 0.00889061 0.0128945)
(1.07999 0.00797512 0.0116753)
(0.968199 -0.0446841 0.0360314)
(0.96923 -0.0412496 0.0342191)
(0.971024 -0.0378272 0.032344)
(0.973688 -0.0344316 0.0304325)
(0.977318 -0.0310773 0.0285194)
(0.981978 -0.0277723 0.0266471)
(0.987678 -0.02451 0.0248647)
(0.994338 -0.0212629 0.0232236)
(1.00178 -0.0179835 0.0217715)
(1.00972 -0.0146213 0.0205425)
(1.01785 -0.0111589 0.019546)
(1.02589 -0.00765797 0.018756)
(1.03368 -0.00429145 0.0181069)
(1.04119 -0.00132783 0.0175018)
(1.04845 0.000944783 0.0168337)
(1.05546 0.00232873 0.0160145)
(1.06214 0.00280049 0.0150024)
(1.0684 0.00251388 0.013816)
(1.07431 0.00171468 0.012531)
(1.08012 0.000613248 0.0112601)
(0.969574 -0.0455331 0.0363522)
(0.970681 -0.042227 0.034522)
(0.972576 -0.0389544 0.0326301)
(0.975368 -0.0357334 0.0307032)
(0.979156 -0.0325822 0.0287763)
(0.984003 -0.0295114 0.0268921)
(0.989916 -0.0265159 0.0250991)
(0.996807 -0.0235683 0.0234479)
(1.00448 -0.0206202 0.0219844)
(1.01265 -0.0176206 0.02074)
(1.02097 -0.0145525 0.0197207)
(1.02915 -0.0114794 0.0188966)
(1.03702 -0.0085738 0.0181995)
(1.0445 -0.00609708 0.0175317)
(1.0516 -0.00431924 0.0167883)
(1.05827 -0.00340939 0.0158863)
(1.06444 -0.00335771 0.0147907)
(1.07005 -0.00398003 0.013527)
(1.07519 -0.0050087 0.0121767)
(1.08018 -0.00622018 0.0108562)
(0.97095 -0.0464409 0.0366853)
(0.972126 -0.0432657 0.0348379)
(0.974113 -0.0401449 0.0329295)
(0.977022 -0.0371001 0.0309871)
(0.980953 -0.0341524 0.029046)
(0.985971 -0.0313149 0.0271486)
(0.992079 -0.0285834 0.0253431)
(0.99918 -0.0259302 0.0236791)
(1.00707 -0.0233054 0.0222008)
(1.01544 -0.0206567 0.0209371)
(1.02394 -0.0179664 0.0198911)
(1.03225 -0.0152977 0.0190299)
(1.04016 -0.0128206 0.0182833)
(1.0476 -0.0107877 0.0175533)
(1.05452 -0.0094508 0.0167373)
(1.06086 -0.00895268 0.0157569)
(1.06655 -0.00925382 0.0145828)
(1.07153 -0.0101437 0.0132466)
(1.07597 -0.0113357 0.0118344)
(1.0802 -0.0125951 0.0104658)
(0.972328 -0.0474057 0.0370318)
(0.973566 -0.0443636 0.0351679)
(0.975634 -0.0413965 0.0332434)
(0.978648 -0.0385292 0.0312856)
(0.982709 -0.0357854 0.0293297)
(0.987883 -0.0331801 0.027418)
(0.994167 -0.03071 0.0255982)
(1.00146 -0.0283462 0.0239188)
(1.00955 -0.0260375 0.0224224)
(1.0181 -0.023729 0.021136)
(1.02676 -0.0214014 0.0200599)
(1.03518 -0.0191157 0.0191591)
(1.04314 -0.0170375 0.0183619)
(1.05052 -0.0154092 0.0175706)
(1.05725 -0.014465 0.0166848)
(1.06327 -0.0143235 0.0156302)
(1.06849 -0.0149194 0.0143823)
(1.0729 -0.0160192 0.0129776)
(1.07667 -0.0173199 0.0115061)
(1.0802 -0.0185769 0.0100901)
(0.973708 -0.0484254 0.0373928)
(0.974999 -0.0455185 0.0355131)
(0.977139 -0.0427067 0.0335729)
(0.980246 -0.0400178 0.0315997)
(0.984424 -0.037478 0.0296286)
(0.989737 -0.0351038 0.0277016)
(0.996182 -0.0328923 0.0258657)
(1.00365 -0.0308137 0.0241684)
(1.01192 -0.0288144 0.022651)
(1.02064 -0.0268367 0.0213385)
(1.02945 -0.0248583 0.0202294)
(1.03797 -0.0229364 0.019287)
(1.04596 -0.0212303 0.0184385)
(1.05328 -0.0199714 0.017587)
(1.05983 -0.019377 0.0166343)
(1.06554 -0.0195443 0.0155094)
(1.07031 -0.0203852 0.014192)
(1.07417 -0.0216467 0.0127221)
(1.07732 -0.0230117 0.0111934)
(1.0802 -0.0242261 0.00972999)
(0.975089 -0.0494976 0.0377689)
(0.976426 -0.0467274 0.0358741)
(0.978628 -0.0440723 0.0339188)
(0.981816 -0.0415625 0.0319303)
(0.986096 -0.0392265 0.0299435)
(0.991534 -0.0370822 0.0280001)
(0.998122 -0.0351267 0.0261465)
(1.00575 -0.0333292 0.0244292)
(1.01418 -0.0316334 0.022888)
(1.02307 -0.0299783 0.0215466)
(1.03201 -0.0283372 0.0204019)
(1.04062 -0.026762 0.019416)
(1.04864 -0.0254044 0.0185159)
(1.0559 -0.0244839 0.0176055)
(1.06227 -0.0242019 0.0165886)
(1.06768 -0.0246365 0.0153971)
(1.07204 -0.0256806 0.0140139)
(1.07538 -0.0270643 0.0124818)
(1.07796 -0.0284577 0.010897)
(1.08022 -0.0295983 0.00938582)
(1.06585 0.198083 0.0158059)
(1.10782 0.191572 0.0152434)
(1.14582 0.18052 0.014323)
(1.17923 0.164612 0.0133117)
(1.20819 0.143567 0.0123981)
(1.23278 0.117541 0.0116503)
(1.25272 0.0873628 0.0110296)
(1.26743 0.054389 0.0104456)
(1.27648 0.020066 0.00981447)
(1.27981 -0.0145076 0.0090931)
(1.07602 0.173002 0.015493)
(1.11089 0.165645 0.0147777)
(1.14264 0.154548 0.0138246)
(1.17103 0.139406 0.0128614)
(1.19619 0.120007 0.0120346)
(1.21802 0.096578 0.01138)
(1.23601 0.0699368 0.0108431)
(1.2495 0.0413138 0.0103316)
(1.258 0.0119525 0.00976652)
(1.26145 -0.0172616 0.00910828)
(1.08231 0.150377 0.015162)
(1.11174 0.142629 0.0143388)
(1.13876 0.131752 0.0133728)
(1.16335 0.117475 0.0124592)
(1.1856 0.0996622 0.0117106)
(1.20526 0.0785958 0.0111379)
(1.2217 0.0550701 0.0106754)
(1.23418 0.0301962 0.0102311)
(1.24223 0.00504242 0.00973067)
(1.24576 -0.0196745 0.00913775)
(1.08616 0.129955 0.0148157)
(1.11131 0.122107 0.0139148)
(1.13465 0.111617 0.0129484)
(1.15628 0.0982599 0.0120839)
(1.17623 0.0819664 0.0114062)
(1.19413 0.0630573 0.0109064)
(1.20927 0.0422924 0.0105112)
(1.22089 0.0206698 0.01013)
(1.22852 -0.000893449 0.00969314)
(1.2321 -0.0218173 0.00916714)
(1.08843 0.111484 0.0144509)
(1.11016 0.103733 0.0134943)
(1.13057 0.0937433 0.0125361)
(1.14983 0.0813354 0.0117199)
(1.16791 0.0664932 0.0111069)
(1.18434 0.0495609 0.010673)
(1.19836 0.0312559 0.0103395)
(1.20921 0.0124703 0.0100182)
(1.21644 -0.00601012 0.00964383)
(1.22001 -0.0237169 0.00918542)
(1.08968 0.0947437 0.014065)
(1.10861 0.0872306 0.0130692)
(1.12664 0.0778206 0.0121256)
(1.14397 0.0663734 0.0113565)
(1.16048 0.0529149 0.0108035)
(1.17565 0.0377994 0.0104299)
(1.18869 0.0216963 0.0101539)
(1.19884 0.00539991 0.00988966)
(1.20568 -0.0104178 0.00957643)
(1.20917 -0.0253802 0.00918536)
(1.09024 0.0795523 0.0136572)
(1.10686 0.0723787 0.0126353)
(1.12292 0.0636024 0.011711)
(1.13863 0.0531148 0.0109879)
(1.15381 0.0409726 0.0104908)
(1.16788 0.0275297 0.0101732)
(1.18004 0.0134054 0.00995107)
(1.18954 -0.000696057 0.00974165)
(1.196 -0.0142008 0.00948788)
(1.19938 -0.026808 0.00916301)
(1.09034 0.0657577 0.0132297)
(1.10501 0.0589963 0.0121917)
(1.11943 0.0508877 0.0112901)
(1.13376 0.0413482 0.0106118)
(1.14779 0.0304552 0.0101672)
(1.1609 0.018554 0.00990185)
(1.17226 0.00621325 0.00973071)
(1.18117 -0.00594403 0.00957382)
(1.18724 -0.0174289 0.00937756)
(1.19047 -0.028003 0.00911703)
(1.09013 0.0532281 0.0127863)
(1.10315 0.0469292 0.0117398)
(1.11617 0.039507 0.0108629)
(1.12932 0.0308957 0.0102279)
(1.14235 0.021185 0.00983279)
(1.15459 0.0107058 0.0096167)
(1.16523 -2.29678e-05 0.00949399)
(1.17358 -0.0104514 0.00938747)
(1.17929 -0.0201633 0.00924655)
(1.18234 -0.0289722 0.00904794)
(1.0897 0.0418447 0.0123319)
(1.10131 0.0360414 0.0112822)
(1.11313 0.0293121 0.0104312)
(1.12526 0.021603 0.00983773)
(1.13739 0.0130088 0.00948928)
(1.14886 0.00384186 0.00931969)
(1.15884 -0.00542654 0.00924312)
(1.16668 -0.0143118 0.00918485)
(1.17203 -0.0224603 0.00909692)
(1.17489 -0.0297278 0.00895747)
(1.08914 0.0314974 0.0118715)
(1.09952 0.0262098 0.0108221)
(1.11029 0.0201711 0.00999695)
(1.12153 0.0133338 0.00944315)
(1.13287 0.005792 0.00913877)
(1.14364 -0.00216304 0.00901325)
(1.15303 -0.0101054 0.0089807)
(1.16039 -0.0176085 0.00896863)
(1.1654 -0.0243719 0.0089313)
(1.16806 -0.0302862 0.00884802)
(1.08848 0.0220822 0.0114099)
(1.0978 0.0173207 0.0103627)
(1.10765 0.0119641 0.00956268)
(1.11809 0.0059659 0.00904635)
(1.12873 -0.000584702 0.00878355)
(1.13887 -0.00741955 0.00869986)
(1.14771 -0.014155 0.00870941)
(1.15464 -0.0204158 0.00874156)
(1.15933 -0.0259468 0.00875242)
(1.16178 -0.0306669 0.00872227)
(1.08776 0.0135001 0.0109514)
(1.09614 0.00926868 0.00990683)
(1.10519 0.0045815 0.00913052)
(1.11492 -0.000610785 0.00864933)
(1.12492 -0.00622802 0.00842572)
(1.13449 -0.0120259 0.00838182)
(1.14284 -0.01766 0.00843168)
(1.14937 -0.0228004 0.00850618)
(1.15376 -0.0272302 0.00856291)
(1.15601 -0.0308911 0.00858291)
(1.08702 0.00565699 0.0104994)
(1.09456 0.00195542 0.00945679)
(1.10289 -0.00207683 0.00870221)
(1.11198 -0.00649587 0.00825372)
(1.12141 -0.0112334 0.00806704)
(1.13046 -0.0160694 0.00806106)
(1.13836 -0.0206956 0.00814962)
(1.14452 -0.0248217 0.00826473)
(1.14863 -0.0282633 0.00836513)
(1.15069 -0.0309803 0.00843242)
(1.08627 -0.00153594 0.0100565)
(1.09306 -0.0047102 0.00901429)
(1.10073 -0.0081026 0.00827905)
(1.10924 -0.0117793 0.00786074)
(1.11815 -0.0156864 0.00770882)
(1.12673 -0.0196278 0.00773907)
(1.13422 -0.0233285 0.00786487)
(1.14004 -0.0265329 0.00801902)
(1.1439 -0.0290839 0.00816108)
(1.14578 -0.0309555 0.00827302)
(1.08553 -0.00816201 0.00962453)
(1.09163 -0.0108124 0.00858043)
(1.0987 -0.0135795 0.0078618)
(1.10669 -0.0165424 0.00747113)
(1.11512 -0.0196633 0.00735193)
(1.12327 -0.0227699 0.00741688)
(1.13039 -0.0256175 0.00757863)
(1.13591 -0.0279809 0.00777043)
(1.13954 -0.0297258 0.00795233)
(1.14125 -0.0308367 0.00810651)
(1.08482 -0.0142987 0.00920473)
(1.09027 -0.0164286 0.00815578)
(1.09679 -0.0185834 0.00745076)
(1.10429 -0.020858 0.00708516)
(1.11229 -0.0232322 0.00699677)
(1.12005 -0.0255568 0.00709506)
(1.12683 -0.0276148 0.00729166)
(1.13207 -0.0292073 0.00751989)
(1.13549 -0.0302189 0.00774005)
(1.13706 -0.030642 0.00793435)
(1.08413 -0.0200175 0.00879772)
(1.08898 -0.0216296 0.00774046)
(1.09498 -0.0231834 0.00704584)
(1.10203 -0.0247918 0.00670274)
(1.10962 -0.0264536 0.00664335)
(1.11703 -0.0280424 0.00677377)
(1.1235 -0.0293661 0.00700429)
(1.1285 -0.0302484 0.00726796)
(1.13174 -0.0305897 0.00752501)
(1.13317 -0.0303878 0.0077576)
(1.08348 -0.0253841 0.00840369)
(1.08776 -0.0264798 0.00733421)
(1.09327 -0.0274414 0.00664657)
(1.09989 -0.0284023 0.00632341)
(1.10711 -0.0293815 0.00629131)
(1.11418 -0.0302743 0.00645282)
(1.12038 -0.0309113 0.00671651)
(1.12516 -0.0311361 0.00701479)
(1.12823 -0.0308614 0.00730764)
(1.12955 -0.0300886 0.00757695)
(1.08288 -0.030458 0.00802252)
(1.08661 -0.0310375 0.00693648)
(1.09164 -0.0314134 0.00625223)
(1.09786 -0.031742 0.00594642)
(1.10472 -0.0320633 0.00594002)
(1.1115 -0.0322942 0.00613168)
(1.11745 -0.0322856 0.00642794)
(1.12203 -0.031898 0.00676023)
(1.12495 -0.031054 0.00708799)
(1.12616 -0.0297566 0.00739276)
)
;

boundaryField
{
    down
    {
        type            symmetryPlane;
    }
    right
    {
        type            zeroGradient;
    }
    up
    {
        type            symmetryPlane;
    }
    left
    {
        type            uniformFixedValue;
        uniformValue    constant (1 0 0);
        value           uniform (1 0 0);
    }
    cylinder
    {
        type            symmetry;
    }
    defaultFaces
    {
        type            empty;
    }
}


// ************************************************************************* //
