/*--------------------------------*- C++ -*----------------------------------*\
| =========                 |                                                 |
| \\      /  F ield         | OpenFOAM: The Open Source CFD Toolbox           |
|  \\    /   O peration     | Version:  2112                                  |
|   \\  /    A nd           | Website:  www.openfoam.com                      |
|    \\/     M anipulation  |                                                 |
\*---------------------------------------------------------------------------*/
FoamFile
{
    version     2.0;
    format      ascii;
    arch        "LSB;label=32;scalar=64";
    class       volVectorField;
    location    "0";
    object      U_nn;
}
// * * * * * * * * * * * * * * * * * * * * * * * * * * * * * * * * * * * * * //

dimensions      [0 1 -1 0 0 0 0];

internalField   nonuniform List<vector> 
2000
(
(1.14391 -0.976719 0.00457459)
(1.12233 -0.865677 0.00676238)
(1.10213 -0.749108 0.00830131)
(1.08601 -0.636858 0.00916003)
(1.07529 -0.536188 0.00945112)
(1.06987 -0.451153 0.00932732)
(1.06858 -0.38283 0.00891689)
(1.06989 -0.330093 0.00830978)
(1.07241 -0.290516 0.00756879)
(1.07515 -0.261169 0.00674186)
(1.30277 -0.968691 0.00796099)
(1.27234 -0.860338 0.00967176)
(1.23863 -0.744341 0.0106665)
(1.20657 -0.631512 0.010961)
(1.17949 -0.529726 0.0107101)
(1.15875 -0.443376 0.0101027)
(1.14411 -0.373751 0.00929348)
(1.13441 -0.319892 0.00838464)
(1.12821 -0.27953 0.00743617)
(1.12423 -0.249862 0.00648173)
(1.44948 -0.924117 0.0102031)
(1.41175 -0.82125 0.0113213)
(1.36676 -0.709648 0.0117445)
(1.32125 -0.600463 0.0115257)
(1.28009 -0.501665 0.0108355)
(1.24578 -0.417638 0.00986707)
(1.21884 -0.349694 0.00877651)
(1.19851 -0.296992 0.00766483)
(1.18348 -0.257463 0.00658664)
(1.17236 -0.228535 0.00556591)
(1.5756 -0.842912 0.0109486)
(1.53237 -0.74896 0.0113988)
(1.47886 -0.646268 0.0112707)
(1.42303 -0.54557 0.0106379)
(1.37076 -0.454357 0.00965794)
(1.32532 -0.376659 0.00849852)
(1.28781 -0.313658 0.00729246)
(1.25788 -0.264609 0.00612473)
(1.23444 -0.227691 0.0050392)
(1.21618 -0.200651 0.00405153)
(1.67647 -0.730553 0.0101531)
(1.62978 -0.649194 0.00993558)
(1.57074 -0.55991 0.009337)
(1.50789 -0.472299 0.00843059)
(1.44759 -0.392911 0.0073358)
(1.39361 -0.32519 0.00617191)
(1.34749 -0.270115 0.00503086)
(1.3093 -0.227039 0.00396997)
(1.27827 -0.194432 0.0030166)
(1.2533 -0.170413 0.00217693)
(1.7514 -0.596246 0.00809528)
(1.70332 -0.530695 0.00729163)
(1.64151 -0.458414 0.00634989)
(1.57455 -0.387377 0.00532436)
(1.50893 -0.32294 0.00428144)
(1.44874 -0.267882 0.0032808)
(1.39592 -0.222975 0.00236479)
(1.35097 -0.187686 0.00155611)
(1.3135 -0.160784 0.000860673)
(1.28269 -0.140769 0.000272371)
(1.80247 -0.450031 0.00525657)
(1.75476 -0.402349 0.00400726)
(1.69234 -0.349141 0.00286823)
(1.62346 -0.296548 0.00186472)
(1.55462 -0.248698 0.00100693)
(1.49015 -0.207733 0.000294252)
(1.43243 -0.174244 -0.000282051)
(1.38238 -0.147815 -0.00073675)
(1.33999 -0.127498 -0.0010886)
(1.30467 -0.112161 -0.00135828)
(1.83288 -0.300402 0.00215059)
(1.78672 -0.271175 0.000623077)
(1.72509 -0.237434 -0.000572108)
(1.65581 -0.203524 -0.00144036)
(1.58534 -0.172433 -0.00202277)
(1.51828 -0.145736 -0.00237501)
(1.45744 -0.123875 -0.00255386)
(1.40412 -0.106552 -0.00261049)
(1.35859 -0.0930947 -0.00258791)
(1.32046 -0.0827167 -0.00252064)
(1.84563 -0.153264 -0.000804129)
(1.80163 -0.141699 -0.0024437)
(1.74165 -0.126413 -0.00357313)
(1.67305 -0.110118 -0.00422558)
(1.60231 -0.0947896 -0.00448579)
(1.53432 -0.0815219 -0.00445666)
(1.4722 -0.0706501 -0.0042364)
(1.41756 -0.0620123 -0.00390702)
(1.37081 -0.0552092 -0.00353092)
(1.33164 -0.0497907 -0.00315203)
(1.84301 -0.0120755 -0.00333332)
(1.80137 -0.0163716 -0.00494274)
(1.74361 -0.0175919 -0.00591564)
(1.67669 -0.0170139 -0.00630891)
(1.60708 -0.0157455 -0.00624255)
(1.53987 -0.0144858 -0.00585679)
(1.47838 -0.0135144 -0.00528134)
(1.42432 -0.0128255 -0.00461982)
(1.37815 -0.0122881 -0.00394625)
(1.33953 -0.0117576 -0.00330818)
(0.203556 -0.392807 -0.0246459)
(0.290721 -0.300719 -0.0189755)
(0.388185 -0.228757 -0.0127542)
(0.475921 -0.175377 -0.00734164)
(0.545207 -0.137878 -0.00343098)
(0.597054 -0.113009 -0.000981827)
(0.636725 -0.0974575 0.000408523)
(0.66939 -0.0880505 0.00116086)
(0.698391 -0.0819137 0.00157767)
(0.725299 -0.0767338 0.0018441)
(0.231929 -0.445773 -0.0233122)
(0.312012 -0.350959 -0.0180941)
(0.406129 -0.273998 -0.0122197)
(0.494663 -0.214539 -0.00691505)
(0.566966 -0.170948 -0.00294207)
(0.621775 -0.140601 -0.000405923)
(0.663075 -0.120461 0.00100546)
(0.695871 -0.107475 0.00169733)
(0.723929 -0.0988068 0.00199192)
(0.749337 -0.0920476 0.00209681)
(0.271272 -0.505096 -0.0215844)
(0.342918 -0.408064 -0.0168075)
(0.43169 -0.326442 -0.0113524)
(0.519178 -0.260869 -0.00626845)
(0.593434 -0.210768 -0.00232185)
(0.65092 -0.174264 0.000258778)
(0.693953 -0.148691 0.00167716)
(0.726972 -0.131158 0.00230128)
(0.753986 -0.118914 0.0024646)
(0.777613 -0.109566 0.00239787)
(0.323196 -0.569481 -0.0194947)
(0.385058 -0.470513 -0.0151287)
(0.466133 -0.384542 -0.0101466)
(0.549965 -0.313028 -0.00540036)
(0.624208 -0.256366 -0.00159312)
(0.683433 -0.213479 0.000970305)
(0.728068 -0.182143 0.00238315)
(0.761527 -0.159636 0.00295092)
(0.787675 -0.143259 0.0029994)
(0.809496 -0.130642 0.00277643)
(0.389442 -0.637568 -0.017065)
(0.44022 -0.536609 -0.0130705)
(0.511062 -0.446328 -0.00859268)
(0.588012 -0.36897 -0.00428969)
(0.659311 -0.305813 -0.000748499)
(0.718362 -0.256566 0.0017111)
(0.763821 -0.219497 0.00309252)
(0.79773 -0.192058 0.00362172)
(0.823348 -0.171546 0.00359131)
(0.843674 -0.155536 0.00325103)
(0.471931 -0.707906 -0.0142871)
(0.510527 -0.604646 -0.0106226)
(0.568703 -0.509769 -0.00665729)
(0.635312 -0.426402 -0.00287719)
(0.70003 -0.356687 0.000275214)
(0.755981 -0.301084 0.00252252)
(0.800497 -0.258369 0.00381756)
(0.834184 -0.226201 0.00430792)
(0.859327 -0.201848 0.00423189)
(0.878529 -0.182752 0.00381996)
(0.572501 -0.778601 -0.0111252)
(0.598219 -0.672741 -0.00775303)
(0.641733 -0.572833 -0.00428973)
(0.694803 -0.483091 -0.00107999)
(0.749137 -0.406573 0.00158216)
(0.798413 -0.344476 0.00350125)
(0.839279 -0.296084 0.00462384)
(0.871129 -0.25929 0.00503884)
(0.895132 -0.231359 0.00492299)
(0.913176 -0.209572 0.00446917)
(0.692216 -0.846666 -0.00755031)
(0.704932 -0.738208 -0.00444354)
(0.732482 -0.633018 -0.00146275)
(0.769512 -0.536608 0.00115746)
(0.810099 -0.453058 0.00325848)
(0.849103 -0.384319 0.00474451)
(0.883138 -0.33017 0.00559193)
(0.910786 -0.28876 0.00585992)
(0.932193 -0.257383 0.00567203)
(0.948383 -0.233188 0.00517512)
(0.830324 -0.907291 -0.00359921)
(0.830529 -0.79674 -0.000753242)
(0.841627 -0.686506 0.00175957)
(0.861077 -0.58357 0.00378829)
(0.885453 -0.493122 0.00528833)
(0.911188 -0.417878 0.00626298)
(0.935375 -0.358106 0.00673918)
(0.956231 -0.312209 0.00677341)
(0.973112 -0.27755 0.00645334)
(0.98621 -0.251188 0.00588275)
(0.98321 -0.953495 0.000557498)
(0.971887 -0.841906 0.00311174)
(0.966839 -0.727588 0.00515216)
(0.968221 -0.61903 0.00659307)
(0.975078 -0.522535 0.00748024)
(0.98558 -0.441553 0.0079026)
(0.99763 -0.376803 0.00794239)
(1.00945 -0.326937 0.00767052)
(1.01989 -0.28941 0.00715641)
(1.02845 -0.261249 0.00647048)
(0.750232 -0.0708282 0.0020655)
(0.773507 -0.0635008 0.00231177)
(0.795158 -0.0550151 0.00261678)
(0.81507 -0.0458545 0.00299249)
(0.833191 -0.0366692 0.00343755)
(0.849533 -0.0280597 0.00394265)
(0.864157 -0.0204635 0.00449531)
(0.877174 -0.0141271 0.00508327)
(0.888725 -0.00912873 0.00569628)
(0.898972 -0.00542094 0.00632626)
(0.908084 -0.0028741 0.00696652)
(0.91622 -0.00131179 0.00761072)
(0.923525 -0.000536659 0.00825188)
(0.930123 -0.000348089 0.00888184)
(0.936116 -0.000553449 0.00949096)
(0.941585 -0.000974884 0.0100682)
(0.94659 -0.00145287 0.0106014)
(0.951177 -0.00184756 0.0110775)
(0.955375 -0.00203869 0.0114829)
(0.959202 -0.00192448 0.011804)
(0.771883 -0.084882 0.00213071)
(0.792306 -0.0764018 0.0021881)
(0.81148 -0.0669507 0.0023179)
(0.829243 -0.0567747 0.00253709)
(0.845505 -0.046448 0.00284841)
(0.860244 -0.0366035 0.00324494)
(0.873497 -0.0277587 0.00371422)
(0.885342 -0.0202422 0.00424206)
(0.895893 -0.0141933 0.00481498)
(0.905285 -0.00959854 0.00542127)
(0.913659 -0.00633802 0.00605077)
(0.921157 -0.00422754 0.00669398)
(0.927906 -0.00305061 0.00734113)
(0.934017 -0.00258106 0.00798143)
(0.939579 -0.00259794 0.00860272)
(0.944662 -0.00289485 0.00919138)
(0.949317 -0.00328525 0.00973258)
(0.953577 -0.00360498 0.0102106)
(0.957464 -0.00371283 0.0106094)
(0.960987 -0.00348986 0.0109129)
(0.797207 -0.100178 0.00223175)
(0.814122 -0.0898553 0.00208567)
(0.830339 -0.0791348 0.00202682)
(0.845606 -0.0678814 0.00207668)
(0.859738 -0.0564585 0.00224243)
(0.872643 -0.0454426 0.00252045)
(0.884312 -0.0353914 0.00289955)
(0.894793 -0.0267094 0.00336438)
(0.904169 -0.0196062 0.00389844)
(0.91255 -0.0141136 0.00448593)
(0.920054 -0.0101299 0.00511229)
(0.9268 -0.00746635 0.00576379)
(0.932897 -0.00588676 0.00642679)
(0.938439 -0.00513662 0.00708687)
(0.9435 -0.00496293 0.00772841)
(0.948136 -0.00512701 0.00833448)
(0.952384 -0.00541221 0.008887)
(0.956265 -0.00562791 0.00936714)
(0.95979 -0.00561093 0.00975586)
(0.962958 -0.00522519 0.0100345)
(0.825774 -0.118088 0.00241746)
(0.838613 -0.104955 0.00206328)
(0.851393 -0.0923464 0.00180701)
(0.863821 -0.0797121 0.00167554)
(0.875587 -0.0670935 0.00168158)
(0.886483 -0.0548938 0.00182645)
(0.896417 -0.0436329 0.00210206)
(0.905382 -0.0337588 0.00249365)
(0.913431 -0.0255496 0.00298278)
(0.920652 -0.0190943 0.00354986)
(0.927145 -0.0143218 0.00417555)
(0.933011 -0.011047 0.00484098)
(0.938345 -0.00901726 0.00552745)
(0.943223 -0.00794907 0.00621571)
(0.947704 -0.00755437 0.00688556)
(0.951827 -0.0075584 0.00751572)
(0.955614 -0.00771073 0.00808398)
(0.959072 -0.0077913 0.00856771)
(0.962196 -0.00761299 0.00894447)
(0.964975 -0.00702158 0.00919268)
(0.856732 -0.139366 0.00272772)
(0.865273 -0.122629 0.00217534)
(0.874267 -0.107391 0.00172135)
(0.883535 -0.0928479 0.00139978)
(0.892712 -0.0787363 0.0012307)
(0.901464 -0.0652145 0.00122283)
(0.909574 -0.0526736 0.00137409)
(0.916949 -0.0415418 0.00167299)
(0.923587 -0.0321411 0.00210135)
(0.929547 -0.0246198 0.00263713)
(0.934915 -0.0189498 0.00325659)
(0.939786 -0.0149628 0.00393537)
(0.944243 -0.0123973 0.00464873)
(0.948356 -0.0109431 0.00537134)
(0.952171 -0.0102756 0.00607702)
(0.955711 -0.0100805 0.00673876)
(0.958982 -0.0100691 0.00732904)
(0.961975 -0.00998806 0.00782042)
(0.964669 -0.0096229 0.00818628)
(0.967038 -0.00879904 0.00840167)
(0.888837 -0.163275 0.00317314)
(0.893351 -0.142895 0.00244757)
(0.898521 -0.124631 0.00180861)
(0.904442 -0.107683 0.00129792)
(0.910835 -0.0916657 0.000943474)
(0.917312 -0.0765516 0.000763473)
(0.923543 -0.062573 0.0007652)
(0.929314 -0.0500774 0.000944344)
(0.934535 -0.0393843 0.00128645)
(0.93921 -0.0306836 0.00176967)
(0.943404 -0.0239945 0.00236747)
(0.947204 -0.0191773 0.00305055)
(0.950697 -0.0159725 0.00378786)
(0.953953 -0.0140492 0.00454694)
(0.957013 -0.0130473 0.00529422)
(0.959895 -0.0126102 0.00599535)
(0.962591 -0.0124067 0.00661585)
(0.965074 -0.0121453 0.00712201)
(0.967307 -0.0115798 0.00748185)
(0.969247 -0.0105119 0.0076662)
(0.921048 -0.18765 0.00373575)
(0.921981 -0.164509 0.0028699)
(0.92358 -0.143555 0.00207041)
(0.926182 -0.124128 0.00138493)
(0.929695 -0.105933 0.000847464)
(0.933788 -0.0889368 0.000484972)
(0.938077 -0.0732965 0.000315911)
(0.942245 -0.0592831 0.000346927)
(0.946089 -0.0471813 0.00057177)
(0.949528 -0.037193 0.000972842)
(0.952577 -0.0293741 0.00152394)
(0.955304 -0.0236171 0.00219279)
(0.957798 -0.0196742 0.00294278)
(0.960138 -0.0172013 0.00373417)
(0.962377 -0.015806 0.0045249)
(0.964532 -0.0150881 0.00527167)
(0.96659 -0.0146706 0.00593115)
(0.968515 -0.0142183 0.00646142)
(0.970251 -0.0134491 0.00682347)
(0.971738 -0.0121367 0.00698253)
(0.953427 -0.209863 0.00437719)
(0.950758 -0.18542 0.00340502)
(0.948974 -0.162795 0.00247561)
(0.948383 -0.141429 0.00164)
(0.949022 -0.121197 0.000935784)
(0.950664 -0.102219 0.00039542)
(0.952944 -0.0847362 4.69743e-05)
(0.955486 -0.0690333 -9.05588e-05)
(0.95799 -0.0553871 -1.14894e-05)
(0.960272 -0.0440026 0.000275502)
(0.962263 -0.0349572 0.000748925)
(0.963987 -0.0281706 0.00137699)
(0.965519 -0.0234097 0.00211986)
(0.966947 -0.0203229 0.00293151)
(0.968338 -0.0184884 0.00376129)
(0.969724 -0.0174628 0.00455581)
(0.971099 -0.0168192 0.00526105)
(0.972421 -0.016175 0.00582476)
(0.973624 -0.0152068 0.00619869)
(0.974633 -0.0136563 0.00634069)
(0.987281 -0.227581 0.00503279)
(0.98019 -0.203538 0.00399415)
(0.974762 -0.180642 0.00297123)
(0.970921 -0.158359 0.00201674)
(0.968651 -0.136699 0.00117178)
(0.967776 -0.115988 0.000471954)
(0.967966 -0.0966697 -4.85798e-05)
(0.968826 -0.0791742 -0.000360339)
(0.969986 -0.0638573 -0.000444645)
(0.971163 -0.0509642 -0.000297865)
(0.972193 -0.0406001 6.76992e-05)
(0.973024 -0.0327082 0.000625159)
(0.973691 -0.0270682 0.00133513)
(0.974272 -0.0233225 0.00214779)
(0.974848 -0.0210215 0.00300509)
(0.97547 -0.0196767 0.0038434)
(0.976147 -0.0188085 0.00459674)
(0.976842 -0.0179816 0.00520047)
(0.977487 -0.0168265 0.00559485)
(0.977993 -0.015049 0.00572809)
(1.02415 -0.238714 0.00559304)
(1.01137 -0.217046 0.00455201)
(1.00157 -0.195493 0.00348689)
(0.994101 -0.173599 0.00245393)
(0.988692 -0.151467 0.0015013)
(0.985128 -0.129614 0.000669481)
(0.983083 -0.108733 -3.07207e-06)
(0.982148 -0.0894989 -0.000479466)
(0.981901 -0.0724528 -0.00072972)
(0.981974 -0.057957 -0.000737059)
(0.982102 -0.0461839 -0.00050165)
(0.982141 -0.0371141 -4.14038e-05)
(0.982059 -0.0305431 0.000608938)
(0.981901 -0.0261069 0.00139942)
(0.981745 -0.0233268 0.00226707)
(0.981655 -0.0216665 0.0031391)
(0.981658 -0.0205882 0.00393726)
(0.981733 -0.019598 0.00458303)
(0.981815 -0.0182751 0.00500299)
(0.98181 -0.0162851 0.00513347)
(1.05754 -0.232857 0.00545813)
(1.04025 -0.216248 0.00451114)
(1.0267 -0.197998 0.00349837)
(1.01606 -0.178068 0.00248236)
(1.00792 -0.156892 0.00151769)
(1.002 -0.135263 0.000650372)
(0.99793 -0.114125 -7.75242e-05)
(0.995289 -0.0943663 -0.000625959)
(0.993637 -0.0766953 -0.00096029)
(0.992569 -0.0615811 -0.00105689)
(0.991764 -0.0492519 -0.000907706)
(0.991017 -0.0397106 -0.000522591)
(0.990235 -0.0327583 7.00812e-05)
(0.989418 -0.0280272 0.000823892)
(0.988618 -0.0250269 0.00167593)
(0.987897 -0.0232026 0.00254989)
(0.987288 -0.0219932 0.00336093)
(0.98678 -0.0208804 0.00402201)
(0.986318 -0.0194215 0.00445056)
(0.985811 -0.017266 0.00457459)
(1.08091 -0.216445 0.00464944)
(1.06209 -0.204922 0.00385385)
(1.04669 -0.190123 0.00295991)
(1.0342 -0.172494 0.00203552)
(1.02432 -0.152881 0.00113959)
(1.01679 -0.132368 0.000322403)
(1.01125 -0.112079 -0.00037132)
(1.00729 -0.0930093 -0.000901038)
(1.00447 -0.0759241 -0.00123244)
(1.0024 -0.061317 -0.00134123)
(1.00075 -0.049419 -0.00121681)
(0.999286 -0.0402258 -0.000864792)
(0.997882 -0.0335316 -0.000308641)
(0.996503 -0.0289684 0.000409772)
(0.995171 -0.0260541 0.00123085)
(0.993929 -0.0242472 0.00207988)
(0.992805 -0.023002 0.00287185)
(0.991791 -0.021815 0.00351803)
(0.99084 -0.0202567 0.00393332)
(0.989873 -0.0179874 0.00404289)
(1.09929 -0.200165 0.00367553)
(1.08009 -0.192492 0.00304779)
(1.0637 -0.180533 0.00229227)
(1.04997 -0.165 0.00147921)
(1.03877 -0.146982 0.000671674)
(1.02993 -0.127745 -7.56796e-05)
(1.02316 -0.108524 -0.000715413)
(1.01807 -0.0903751 -0.00120657)
(1.01426 -0.0740887 -0.00151563)
(1.01134 -0.0601692 -0.00161863)
(1.00897 -0.0488485 -0.00150376)
(1.00691 -0.0401198 -0.00117371)
(1.00499 -0.0337771 -0.000647839)
(1.00317 -0.0294581 3.64225e-05)
(1.00142 -0.0266925 0.000823428)
(0.999763 -0.0249545 0.00164131)
(0.998223 -0.0237158 0.00240644)
(0.996789 -0.0224895 0.00303006)
(0.995421 -0.0208607 0.00342587)
(0.994046 -0.0185024 0.00351725)
(1.1132 -0.184454 0.00261593)
(1.09443 -0.179469 0.002143)
(1.07778 -0.169723 0.00152498)
(1.06338 -0.156022 0.000829864)
(1.0513 -0.139565 0.000121996)
(1.04148 -0.121696 -0.00054152)
(1.03372 -0.103698 -0.00111174)
(1.02771 -0.0866425 -0.00154795)
(1.02307 -0.0713236 -0.0018179)
(1.01942 -0.0582411 -0.00189877)
(1.01644 -0.0476221 -0.00177863)
(1.01388 -0.0394583 -0.0014585)
(1.01155 -0.0335473 -0.000954649)
(1.00937 -0.0295366 -0.00030062)
(1.00729 -0.0269711 0.000452006)
(1.00532 -0.0253438 0.00123493)
(1.00345 -0.0241459 0.00196714)
(1.00168 -0.0229086 0.00256122)
(0.99996 -0.0212335 0.00293105)
(0.998233 -0.0188065 0.00299931)
(1.1232 -0.169526 0.00154153)
(1.10542 -0.166252 0.00119268)
(1.08908 -0.158136 0.000696081)
(1.07451 -0.145985 0.00011375)
(1.06196 -0.131005 -0.000492063)
(1.05149 -0.11454 -0.00106456)
(1.04301 -0.0978601 -0.0015552)
(1.03627 -0.0820203 -0.00192455)
(1.03094 -0.0677935 -0.00214234)
(1.0267 -0.0556625 -0.00218754)
(1.02321 -0.0458437 -0.00204903)
(1.02023 -0.0383257 -0.00172727)
(1.01756 -0.0329109 -0.00123653)
(1.0151 -0.029259 -0.000607233)
(1.01277 -0.0269334 0.000112831)
(1.01055 -0.0254482 0.000859223)
(1.00843 -0.0243165 0.0015543)
(1.00639 -0.0230895 0.00211313)
(1.00438 -0.0213859 0.00245099)
(1.00235 -0.018906 0.00249092)
(1.12993 -0.155451 0.000507817)
(1.11347 -0.153134 0.000245576)
(1.09783 -0.146155 -0.000154385)
(1.0835 -0.13528 -0.000637805)
(1.07085 -0.121661 -0.00114708)
(1.06004 -0.106588 -0.00162824)
(1.05109 -0.0912732 -0.00203509)
(1.04382 -0.0767234 -0.00233072)
(1.03797 -0.0636718 -0.00248758)
(1.03324 -0.0525726 -0.00248706)
(1.02933 -0.0436254 -0.0023197)
(1.02601 -0.0368129 -0.00198632)
(1.02306 -0.0319421 -0.00150026)
(1.02037 -0.0286865 -0.000889646)
(1.01785 -0.0266293 -0.000199031)
(1.01544 -0.0253082 0.000510955)
(1.01313 -0.0242599 0.00116646)
(1.01087 -0.0230574 0.00168583)
(1.00863 -0.0213376 0.0019867)
(1.00635 -0.0188157 0.00199345)
(1.13404 -0.142209 -0.000448349)
(1.11903 -0.140318 -0.000659952)
(1.10435 -0.134092 -0.000990637)
(1.09056 -0.124249 -0.00139386)
(1.0781 -0.111862 -0.00181786)
(1.06723 -0.0981305 -0.00221318)
(1.05804 -0.0841841 -0.00253747)
(1.05043 -0.0709563 -0.00275742)
(1.04421 -0.059125 -0.00284893)
(1.03911 -0.0491059 -0.00279642)
(1.03487 -0.0410755 -0.00259273)
(1.03127 -0.0350077 -0.00223994)
(1.0281 -0.0307131 -0.00175133)
(1.02523 -0.0278787 -0.00115366)
(1.02255 -0.0261086 -0.00048884)
(1.02 -0.0249655 0.000185998)
(1.01753 -0.0240111 0.000800925)
(1.01511 -0.0228415 0.00127804)
(1.01267 -0.0211131 0.00153808)
(1.01018 -0.0185562 0.00150759)
(1.13616 -0.129731 -0.00130857)
(1.12261 -0.127932 -0.00149889)
(1.10902 -0.122186 -0.0017855)
(1.09595 -0.113173 -0.0021283)
(1.0839 -0.101886 -0.00248136)
(1.07319 -0.0894228 -0.00280038)
(1.06396 -0.0768124 -0.00304765)
(1.05619 -0.0649022 -0.0031942)
(1.04973 -0.0543029 -0.00321988)
(1.04437 -0.0453832 -0.00311266)
(1.03988 -0.0382913 -0.00286822)
(1.03606 -0.0329888 -0.00249062)
(1.03271 -0.029288 -0.00199388)
(1.0297 -0.0268889 -0.00140421)
(1.0269 -0.0254166 -0.000761574)
(1.02424 -0.0244589 -0.000120012)
(1.02166 -0.0236039 0.00045437)
(1.01909 -0.0224716 0.000887665)
(1.0165 -0.0207386 0.00110422)
(1.01382 -0.0181509 0.00103337)
(1.13687 -0.11793 -0.0020699)
(1.12469 -0.116042 -0.00225952)
(1.11219 -0.110603 -0.00252221)
(1.09994 -0.102269 -0.00282251)
(1.08845 -0.0919601 -0.00311946)
(1.07806 -0.0806758 -0.0033737)
(1.06896 -0.0693432 -0.00355232)
(1.06117 -0.0587166 -0.00363087)
(1.05459 -0.0493327 -0.00359344)
(1.04907 -0.0415071 -0.00343182)
(1.04442 -0.0353548 -0.00314498)
(1.04044 -0.0308221 -0.00273947)
(1.03696 -0.0277207 -0.00223078)
(1.03383 -0.025762 -0.00164525)
(1.03094 -0.0245915 -0.00102158)
(1.02819 -0.0238223 -0.000411202)
(1.02551 -0.0230688 0.000123364)
(1.02284 -0.0219756 0.000512253)
(1.02012 -0.0202398 0.000683713)
(1.01728 -0.0176237 0.000570331)
(1.13666 -0.106716 -0.00274036)
(1.12569 -0.104675 -0.00294124)
(1.11424 -0.09945 -0.00319395)
(1.10284 -0.0916882 -0.003466)
(1.09198 -0.0822518 -0.00372017)
(1.08202 -0.0720539 -0.00392133)
(1.07316 -0.061924 -0.00404091)
(1.06546 -0.052525 -0.00405878)
(1.05888 -0.0443174 -0.00396318)
(1.05329 -0.0375603 -0.00374982)
(1.04853 -0.0323319 -0.00342118)
(1.04445 -0.0285601 -0.00298671)
(1.04087 -0.0260536 -0.00246388)
(1.03766 -0.0245336 -0.00187977)
(1.0347 -0.0236643 -0.00127242)
(1.03188 -0.0230834 -0.000691167)
(1.02913 -0.0224315 -0.000195268)
(1.02637 -0.0213777 0.00014936)
(1.02353 -0.0196402 0.000274998)
(1.02056 -0.0169973 0.000117788)
(1.13593 -0.0960137 -0.00333428)
(1.12599 -0.0938263 -0.00355129)
(1.11548 -0.0887826 -0.00380202)
(1.1049 -0.0815269 -0.0040557)
(1.09469 -0.072878 -0.00427775)
(1.08521 -0.0636763 -0.00443629)
(1.07667 -0.0546656 -0.00450633)
(1.06916 -0.0464233 -0.00447154)
(1.06265 -0.0393362 -0.00432397)
(1.05707 -0.0336062 -0.0040631)
(1.05228 -0.0292728 -0.00369495)
(1.04813 -0.0262425 -0.00323208)
(1.04449 -0.0243189 -0.00269429)
(1.04123 -0.0232304 -0.00210992)
(1.03821 -0.0226585 -0.00151686)
(1.03534 -0.0222641 -0.000962842)
(1.03253 -0.021713 -0.000504225)
(1.0297 -0.0206987 -0.000203179)
(1.02676 -0.0189602 -0.000123386)
(1.02368 -0.0162922 -0.000324973)
(1.13498 -0.0857639 -0.00386835)
(1.12589 -0.0834796 -0.00410146)
(1.1162 -0.0786225 -0.00435338)
(1.10636 -0.0718374 -0.00459444)
(1.09678 -0.06391 -0.00479188)
(1.08779 -0.0556221 -0.00491614)
(1.07961 -0.0476446 -0.00494505)
(1.07234 -0.0404801 -0.00486534)
(1.06598 -0.0344468 -0.00467236)
(1.06046 -0.0296912 -0.00436898)
(1.05569 -0.0262137 -0.00396466)
(1.05153 -0.0238979 -0.00347508)
(1.04786 -0.0225393 -0.00292262)
(1.04457 -0.0218717 -0.00233717)
(1.04152 -0.0215914 -0.00175693)
(1.03861 -0.0213808 -0.00122846)
(1.03575 -0.0209299 -0.000805622)
(1.03285 -0.0199556 -0.000547096)
(1.02983 -0.0182175 -0.000512622)
(1.02664 -0.0155264 -0.000758528)
(1.13403 -0.0759218 -0.00435882)
(1.12563 -0.0736086 -0.00460526)
(1.11663 -0.0689663 -0.00485828)
(1.10743 -0.0626381 -0.00508914)
(1.09842 -0.0553829 -0.00526646)
(1.08992 -0.0479359 -0.00536242)
(1.08211 -0.0409089 -0.00535689)
(1.07512 -0.0347404 -0.00523897)
(1.06894 -0.0296881 -0.0050067)
(1.06353 -0.0258473 -0.00466594)
(1.05881 -0.0231799 -0.00422923)
(1.05468 -0.0215458 -0.0037153)
(1.05102 -0.0207306 -0.00314914)
(1.04771 -0.0204708 -0.00256243)
(1.04464 -0.0204754 -0.00199398)
(1.04171 -0.020446 -0.00148957)
(1.03881 -0.020095 -0.00110095)
(1.03585 -0.0191622 -0.000883611)
(1.03276 -0.0174267 -0.000893508)
(1.02947 -0.0147156 -0.0011832)
(1.13323 -0.0664559 -0.00481983)
(1.12537 -0.0641849 -0.00507595)
(1.11693 -0.0597953 -0.00532819)
(1.10829 -0.0539234 -0.00554902)
(1.09979 -0.0473043 -0.00570832)
(1.09172 -0.0406359 -0.00577967)
(1.08427 -0.0344823 -0.00574446)
(1.07755 -0.0292296 -0.00559359)
(1.07158 -0.0250838 -0.00532724)
(1.06631 -0.0220944 -0.00495371)
(1.06169 -0.0201875 -0.00448831)
(1.05761 -0.0191988 -0.00395258)
(1.05397 -0.0189028 -0.00337403)
(1.05068 -0.0190365 -0.00278624)
(1.0476 -0.0193189 -0.00222882)
(1.04465 -0.0194685 -0.00174713)
(1.04173 -0.0192185 -0.00139112)
(1.03872 -0.0183296 -0.00121341)
(1.03557 -0.0166002 -0.0012664)
(1.0322 -0.013873 -0.00159896)
(1.13267 -0.0573438 -0.00526265)
(1.12524 -0.05518 -0.00552519)
(1.11726 -0.0510817 -0.00577438)
(1.10907 -0.045672 -0.0059842)
(1.101 -0.0396625 -0.00612598)
(1.09331 -0.0337196 -0.00617457)
(1.08619 -0.0283698 -0.00611265)
(1.07974 -0.0239572 -0.0059325)
(1.07397 -0.0206451 -0.00563596)
(1.06887 -0.0184434 -0.00523339)
(1.06435 -0.0172455 -0.00474245)
(1.06035 -0.0168644 -0.0041872)
(1.05677 -0.0170623 -0.00359756)
(1.0535 -0.0175746 -0.00300892)
(1.05044 -0.0181278 -0.00246188)
(1.04748 -0.0184552 -0.00200157)
(1.04453 -0.0183082 -0.00167648)
(1.04149 -0.0174671 -0.00153666)
(1.03828 -0.0157485 -0.00163121)
(1.03483 -0.0130103 -0.00200543)
(1.13241 -0.0485697 -0.00569553)
(1.12532 -0.0465674 -0.00596243)
(1.11771 -0.0427944 -0.00620681)
(1.10989 -0.0378539 -0.00640451)
(1.10217 -0.0324331 -0.00652851)
(1.0948 -0.0271707 -0.00655504)
(1.08797 -0.0225628 -0.00646794)
(1.08175 -0.0189207 -0.00626068)
(1.07619 -0.0163732 -0.00593649)
(1.07124 -0.0148972 -0.00550743)
(1.06684 -0.0143578 -0.00499321)
(1.06294 -0.0145464 -0.00442013)
(1.05942 -0.0152127 -0.00382027)
(1.05619 -0.0160887 -0.00323081)
(1.05315 -0.0169066 -0.00269335)
(1.0502 -0.0174113 -0.00225296)
(1.04724 -0.0173707 -0.00195695)
(1.04417 -0.0165827 -0.00185307)
(1.04091 -0.0148809 -0.00198738)
(1.03739 -0.012138 -0.0024018)
(1.13247 -0.0401213 -0.00612392)
(1.12566 -0.0383229 -0.00639464)
(1.11834 -0.0349017 -0.00663359)
(1.11082 -0.0304355 -0.00681866)
(1.10338 -0.025585 -0.00692467)
(1.09628 -0.0209636 -0.00692935)
(1.08967 -0.0170428 -0.00681773)
(1.08366 -0.014108 -0.00658442)
(1.07827 -0.0122615 -0.00623387)
(1.07347 -0.0114532 -0.00577965)
(1.0692 -0.0115238 -0.00524331)
(1.06539 -0.0122455 -0.00465316)
(1.06195 -0.0133554 -0.00404327)
(1.05877 -0.0145813 -0.0034525)
(1.05577 -0.0156585 -0.00292342)
(1.05283 -0.0163414 -0.00250121)
(1.04987 -0.0164117 -0.00223214)
(1.04677 -0.0156834 -0.00216198)
(1.04348 -0.0140059 -0.002334)
(1.0399 -0.0112655 -0.0027869)
(1.13285 -0.0319883 -0.00655092)
(1.12627 -0.0304249 -0.00682642)
(1.11921 -0.0273739 -0.00706069)
(1.11192 -0.023383 -0.00723369)
(1.10471 -0.0190847 -0.00732218)
(1.0978 -0.0150685 -0.00730541)
(1.09138 -0.0117853 -0.00716969)
(1.08554 -0.00950107 -0.00691071)
(1.08029 -0.0082975 -0.00653417)
(1.07562 -0.0081035 -0.00605507)
(1.07146 -0.00873927 -0.00549665)
(1.06775 -0.00995978 -0.00488913)
(1.06438 -0.0114905 -0.00426846)
(1.06127 -0.0130537 -0.00367508)
(1.05831 -0.014386 -0.00315256)
(1.05539 -0.0152493 -0.00274623)
(1.05243 -0.0154367 -0.00250156)
(1.04932 -0.0147762 -0.00246252)
(1.04599 -0.0131315 -0.00266983)
(1.04237 -0.0104019 -0.00315922)
(1.13354 -0.02416 -0.00697781)
(1.12718 -0.0228537 -0.00726028)
(1.12032 -0.020184 -0.00749193)
(1.11323 -0.016665 -0.0076547)
(1.10619 -0.0128995 -0.00772717)
(1.09945 -0.00945425 -0.00769011)
(1.09316 -0.00676321 -0.00753103)
(1.08743 -0.00507775 -0.00724673)
(1.0823 -0.00446461 -0.00684411)
(1.07773 -0.00483636 -0.00633962)
(1.07367 -0.00599657 -0.00575821)
(1.07004 -0.00768518 -0.00513196)
(1.06675 -0.00961636 -0.00449869)
(1.0637 -0.0115063 -0.0039004)
(1.06078 -0.0130915 -0.00338173)
(1.0579 -0.0141387 -0.00298825)
(1.05495 -0.0144508 -0.00276477)
(1.05183 -0.0138676 -0.00275372)
(1.04848 -0.0122657 -0.00299348)
(1.04481 -0.0095564 -0.00351699)
(1.13453 -0.0166244 -0.00740458)
(1.12836 -0.0155908 -0.00769705)
(1.12169 -0.0133077 -0.00792923)
(1.11477 -0.0102533 -0.00808479)
(1.10788 -0.00699958 -0.00814394)
(1.10124 -0.00409161 -0.00808881)
(1.09505 -0.0019495 -0.00790795)
(1.0894 -0.000814614 -0.00759917)
(1.08434 -0.000743609 -0.00717049)
(1.07984 -0.00163715 -0.00663981)
(1.07585 -0.00328535 -0.00603383)
(1.07229 -0.00541498 -0.00538659)
(1.06907 -0.00772947 -0.00473784)
(1.06608 -0.00993831 -0.00413127)
(1.06321 -0.0117761 -0.00361268)
(1.06036 -0.0130131 -0.00322804)
(1.05743 -0.0134592 -0.00302171)
(1.05431 -0.0129643 -0.00303478)
(1.05094 -0.0114165 -0.00330353)
(1.04724 -0.0087381 -0.00385829)
(1.30791 -0.0106451 -0.00273131)
(1.29978 -0.0441139 -0.00280509)
(1.28987 -0.0728976 -0.00247518)
(1.27719 -0.0984005 -0.00166767)
(1.26024 -0.123139 -0.000401383)
(1.23752 -0.149165 0.00119471)
(1.20815 -0.176536 0.00288208)
(1.17238 -0.202914 0.00436755)
(1.13181 -0.224539 0.00540177)
(1.0891 -0.237943 0.00586921)
(1.28208 -0.00905674 -0.00221613)
(1.27398 -0.0382521 -0.00247707)
(1.26526 -0.0635357 -0.0024139)
(1.25534 -0.0859011 -0.0019473)
(1.24301 -0.107379 -0.0010651)
(1.22676 -0.129909 0.000166422)
(1.2053 -0.154054 0.00159063)
(1.1781 -0.178422 0.00298263)
(1.14581 -0.200145 0.00411271)
(1.11013 -0.216099 0.00482172)
(1.26117 -0.00747925 -0.00177139)
(1.25309 -0.0332752 -0.00217402)
(1.24513 -0.0559397 -0.00231214)
(1.237 -0.0761387 -0.00210771)
(1.22778 -0.0954132 -0.00153643)
(1.21611 -0.115396 -0.000629841)
(1.20057 -0.13682 0.000512946)
(1.18018 -0.158921 0.00172966)
(1.15486 -0.17962 0.00283077)
(1.12558 -0.196335 0.00365436)
(1.24429 -0.00586368 -0.00139505)
(1.23628 -0.0288757 -0.00190659)
(1.2288 -0.0494889 -0.00219794)
(1.2218 -0.0681271 -0.00219408)
(1.21461 -0.0859027 -0.0018682)
(1.20608 -0.104074 -0.00123583)
(1.19481 -0.123325 -0.000360566)
(1.17963 -0.143252 0.00064434)
(1.16001 -0.162384 0.00163368)
(1.13633 -0.178708 0.00246563)
(1.23069 -0.00419123 -0.00108123)
(1.22278 -0.0248586 -0.00167826)
(1.21563 -0.0437813 -0.00208862)
(1.20935 -0.0612128 -0.00223956)
(1.20344 -0.0779196 -0.00210537)
(1.19696 -0.0947971 -0.00169637)
(1.18866 -0.112361 -0.00105736)
(1.17734 -0.130363 -0.0002682)
(1.1622 -0.147756 0.00056456)
(1.14323 -0.163024 0.00132798)
(1.2197 -0.0024601 -0.000822278)
(1.21197 -0.0211021 -0.00148806)
(1.20507 -0.0385628 -0.00199353)
(1.19922 -0.0549791 -0.0022666)
(1.19409 -0.0708524 -0.00228296)
(1.18891 -0.0867628 -0.00205267)
(1.18259 -0.103017 -0.00161258)
(1.174 -0.119387 -0.00102286)
(1.16226 -0.135083 -0.00036146)
(1.14709 -0.148976 0.000286921)
(1.21082 -0.00067748 -0.000610173)
(1.2033 -0.0175316 -0.00133249)
(1.19662 -0.0336767 -0.00191647)
(1.19105 -0.0491707 -0.00228907)
(1.18637 -0.0643181 -0.00242618)
(1.18197 -0.0794446 -0.00233879)
(1.17692 -0.0946518 -0.00206167)
(1.17018 -0.109658 -0.00164531)
(1.16092 -0.123806 -0.00114946)
(1.14869 -0.136235 -0.00063632)
(1.2036 0.00114511 -0.000437346)
(1.19635 -0.014102 -0.00120699)
(1.18987 -0.0290283 -0.00185781)
(1.18449 -0.0436376 -0.00231458)
(1.18007 -0.0580906 -0.00255174)
(1.17611 -0.0725178 -0.00258057)
(1.17181 -0.0868433 -0.00243591)
(1.16629 -0.1007 -0.0021647)
(1.15875 -0.113482 -0.00181699)
(1.14872 -0.124496 -0.0014398)
(1.19772 0.00299464 -0.000297113)
(1.19077 -0.010787 -0.00110679)
(1.1845 -0.0245622 -0.00181596)
(1.17926 -0.0382962 -0.00234644)
(1.17498 -0.0520461 -0.00266981)
(1.17124 -0.0657976 -0.0027961)
(1.16737 -0.0793335 -0.00276028)
(1.16259 -0.0921995 -0.00260864)
(1.1562 -0.10379 -0.00238725)
(1.14774 -0.113506 -0.00213465)
(1.1929 0.0048583 -0.000183873)
(1.18628 -0.00757171 -0.00102745)
(1.18022 -0.0202466 -0.00178843)
(1.1751 -0.0331034 -0.00238535)
(1.1709 -0.0461243 -0.00278581)
(1.16726 -0.0591909 -0.00299708)
(1.1636 -0.0719807 -0.00305318)
(1.15926 -0.0839642 -0.00300041)
(1.1536 -0.0945145 -0.00288405)
(1.14622 -0.103077 -0.00273908)
(1.18892 0.00672469 -9.31416e-05)
(1.18266 -0.00444754 -0.000965189)
(1.17683 -0.0160639 -0.00177257)
(1.17183 -0.0280395 -0.00243053)
(1.16768 -0.040302 -0.00290205)
(1.16407 -0.0526607 -0.00319035)
(1.1605 -0.0647194 -0.00332707)
(1.15638 -0.0758916 -0.00335797)
(1.15117 -0.0855241 -0.00332863)
(1.14449 -0.0930751 -0.00327348)
(1.18561 0.00858463 -2.15036e-05)
(1.17974 -0.0014093 -0.000917008)
(1.17416 -0.0120042 -0.00176595)
(1.16928 -0.0230971 -0.00248057)
(1.16517 -0.0345764 -0.00301896)
(1.16156 -0.0462018 -0.00337936)
(1.15801 -0.0575301 -0.0035897)
(1.15399 -0.0679372 -0.00369405)
(1.14904 -0.0767477 -0.00373811)
(1.14281 -0.083418 -0.00375708)
(1.18283 0.0104316 3.34886e-05)
(1.17737 0.00154708 -0.000880694)
(1.17205 -0.00806119 -0.00176663)
(1.16732 -0.018275 -0.00253398)
(1.16325 -0.0289536 -0.00313598)
(1.15963 -0.039825 -0.00356539)
(1.15607 -0.0504189 -0.00384535)
(1.1521 -0.0600919 -0.00401698)
(1.14728 -0.0681548 -0.00412522)
(1.14133 -0.0740577 -0.00420613)
(1.18047 0.0122622 7.34357e-05)
(1.17543 0.00442596 -0.0008548)
(1.17041 -0.00422956 -0.00177323)
(1.16583 -0.0135733 -0.00258947)
(1.16182 -0.0234427 -0.00325222)
(1.1582 -0.0335467 -0.00374849)
(1.15463 -0.0434035 -0.00409595)
(1.15066 -0.0523653 -0.00433165)
(1.14592 -0.0597395 -0.00449864)
(1.14014 -0.0649706 -0.00463321)
(1.17844 0.014076 9.92195e-05)
(1.17385 0.00723285 -0.000838571)
(1.16913 -0.000503587 -0.00178498)
(1.16474 -0.00899137 -0.0026462)
(1.16081 -0.0180519 -0.00336679)
(1.1572 -0.0273834 -0.00392813)
(1.15362 -0.0365047 -0.00434199)
(1.14965 -0.044775 -0.00464051)
(1.14496 -0.0515083 -0.00486375)
(1.1393 -0.0561478 -0.00504726)
(1.17667 0.015876 0.000111128)
(1.17254 0.00997494 -0.000831852)
(1.16815 0.00312387 -0.00180166)
(1.16396 -0.00452658 -0.00270377)
(1.16013 -0.0127859 -0.00347911)
(1.15656 -0.0213484 -0.00410367)
(1.15298 -0.029741 -0.00458321)
(1.14904 -0.0373397 -0.0049444)
(1.14439 -0.043473 -0.00522342)
(1.13882 -0.0475881 -0.00545407)
(1.1751 0.017668 0.000108974)
(1.17145 0.0126614 -0.000834996)
(1.16742 0.00666177 -0.00182361)
(1.16345 -0.000173581 -0.0027623)
(1.15974 -0.00764588 -0.00358897)
(1.15623 -0.0154499 -0.00427461)
(1.15268 -0.0231265 -0.00481907)
(1.14877 -0.0300748 -0.00524326)
(1.14417 -0.0356449 -0.00557882)
(1.13869 -0.039293 -0.00585688)
(1.17369 0.019461 9.2203e-05)
(1.17054 0.0153033 -0.00084877)
(1.16687 0.010121 -0.0018516)
(1.16315 0.00407575 -0.00282237)
(1.15959 -0.00262858 -0.0036966)
(1.15616 -0.00969059 -0.00444078)
(1.15266 -0.016669 -0.00504909)
(1.1488 -0.0229907 -0.0055366)
(1.14428 -0.0280323 -0.00593)
(1.1389 -0.0312636 -0.0062571)
(1.1724 0.0212666 5.9993e-05)
(1.16975 0.0179137 -0.000874261)
(1.16647 0.0135146 -0.00188677)
(1.16302 0.0082322 -0.00288498)
(1.15963 0.00227305 -0.00380269)
(1.15631 -0.0040681 -0.00460241)
(1.15289 -0.0103703 -0.00527301)
(1.14911 -0.0160913 -0.00582386)
(1.14469 -0.0206381 -0.00627649)
(1.13943 -0.0234979 -0.00665488)
(1.1712 0.0230989 1.1343e-05)
(1.16905 0.0205077 -0.000912799)
(1.16618 0.016857 -0.00193058)
(1.16303 0.0123089 -0.00295152)
(1.15985 0.00706953 -0.00390832)
(1.15666 0.00142487 -0.00476015)
(1.15334 -0.00422628 -0.00549098)
(1.14966 -0.00937451 -0.00610467)
(1.14536 -0.0134599 -0.0066176)
(1.14024 -0.01599 -0.00704965)
(1.03137 0.297544 -0.000191389)
(1.02536 0.340044 -0.000788187)
(1.01989 0.387967 -0.0013302)
(1.0156 0.441486 -0.00177595)
(1.01349 0.50048 -0.00207584)
(1.01512 0.564321 -0.00217554)
(1.02271 0.631626 -0.00202588)
(1.03899 0.700052 -0.00160111)
(1.06667 0.766292 -0.000922809)
(1.10733 0.82641 -7.8155e-05)
(1.07706 0.300061 -0.00188441)
(1.07815 0.34145 -0.00254886)
(1.08073 0.387953 -0.00314808)
(1.08528 0.439756 -0.00364386)
(1.09259 0.496748 -0.00398673)
(1.10383 0.558309 -0.00411885)
(1.12056 0.623057 -0.00398486)
(1.14458 0.688651 -0.00355252)
(1.17736 0.751808 -0.00283866)
(1.21915 0.808645 -0.00192579)
(1.13096 0.289962 -0.00352688)
(1.1401 0.328641 -0.0041609)
(1.15138 0.372098 -0.00474625)
(1.16516 0.420588 -0.0052498)
(1.18193 0.474102 -0.00562222)
(1.20237 0.532157 -0.00579995)
(1.22727 0.593537 -0.00571625)
(1.25738 0.656086 -0.00532331)
(1.29293 0.716674 -0.00461997)
(1.33307 0.771475 -0.00366885)
(1.18959 0.268718 -0.00454343)
(1.20609 0.303556 -0.00512732)
(1.22519 0.34282 -0.0057086)
(1.24719 0.386849 -0.00625541)
(1.27235 0.435765 -0.00671403)
(1.30091 0.489285 -0.00700971)
(1.33286 0.546469 -0.00705688)
(1.36783 0.605482 -0.00678162)
(1.40486 0.663474 -0.00615159)
(1.44214 0.716734 -0.00519706)
(1.24589 0.23933 -0.0046498)
(1.26791 0.269618 -0.00525667)
(1.29308 0.303927 -0.00591523)
(1.32173 0.34266 -0.00658997)
(1.35401 0.386065 -0.00721914)
(1.38971 0.434074 -0.00771363)
(1.42807 0.486073 -0.00796513)
(1.46762 0.540636 -0.00786803)
(1.50614 0.595319 -0.00735173)
(1.5409 0.646652 -0.00640895)
(1.29199 0.204393 -0.0040769)
(1.31777 0.229659 -0.00479941)
(1.34753 0.258479 -0.00561127)
(1.38167 0.291291 -0.00647259)
(1.42022 0.328436 -0.00731424)
(1.46261 0.370036 -0.00803419)
(1.50734 0.415795 -0.00850313)
(1.55184 0.464733 -0.00858488)
(1.5927 0.514899 -0.00817161)
(1.62623 0.563218 -0.00722079)
(1.32326 0.165111 -0.00336439)
(1.35194 0.185077 -0.00422938)
(1.38561 0.208087 -0.00519733)
(1.42471 0.234575 -0.00622615)
(1.46919 0.264929 -0.00724214)
(1.5181 0.2994 -0.00813418)
(1.56927 0.337953 -0.00875695)
(1.61919 0.380025 -0.00895015)
(1.66333 0.424206 -0.00857629)
(1.69707 0.46797 -0.00756599)
(1.33995 0.122083 -0.00294919)
(1.37142 0.136699 -0.00390064)
(1.40886 0.153805 -0.0049516)
(1.45271 0.173786 -0.00605899)
(1.50282 0.19701 -0.00714647)
(1.55793 0.223778 -0.00809742)
(1.61531 0.254228 -0.00875687)
(1.67067 0.288154 -0.00895017)
(1.7186 0.324705 -0.00852247)
(1.75367 0.362051 -0.00738966)
(1.34566 0.0766027 -0.00293689)
(1.37995 0.0860007 -0.00387658)
(1.42099 0.0972484 -0.00490263)
(1.46923 0.110625 -0.00597041)
(1.52436 0.126405 -0.00700174)
(1.58488 0.144849 -0.00787805)
(1.64769 0.166182 -0.0084424)
(1.70794 0.190502 -0.00851794)
(1.75962 0.217539 -0.00794724)
(1.79665 0.246314 -0.00664477)
(1.34457 0.0310572 -0.00315161)
(1.38139 0.0354262 -0.00398145)
(1.42551 0.0408432 -0.00487668)
(1.4773 0.0474118 -0.0057905)
(1.53637 0.0552349 -0.00664455)
(1.60105 0.064461 -0.00732365)
(1.66801 0.0753474 -0.00767863)
(1.73217 0.0882742 -0.00754407)
(1.78717 0.103611 -0.00677486)
(1.82645 0.121408 -0.00529567)
(0.814399 0.086009 0.000956417)
(0.801306 0.101487 0.00205768)
(0.787373 0.119817 0.0032146)
(0.772522 0.14176 0.00441594)
(0.756647 0.168396 0.00564748)
(0.739627 0.201231 0.00689169)
(0.721392 0.242298 0.00812566)
(0.702116 0.294201 0.00931585)
(0.682676 0.359934 0.0104077)
(0.665634 0.442237 0.0113109)
(0.829378 0.0931579 0.000553074)
(0.815015 0.110741 0.0016012)
(0.799614 0.131558 0.00272602)
(0.783123 0.156398 0.0039191)
(0.765484 0.18634 0.00516658)
(0.746667 0.222842 0.00644788)
(0.726762 0.267801 0.0077333)
(0.706216 0.323537 0.00897909)
(0.686355 0.39254 0.0101193)
(0.670375 0.476763 0.011055)
(0.845028 0.106719 0.000497132)
(0.829703 0.126437 0.00143743)
(0.813104 0.149783 0.00246539)
(0.7952 0.177579 0.0035777)
(0.775993 0.210911 0.00476425)
(0.755567 0.251185 0.00600565)
(0.734225 0.30014 0.00726993)
(0.712773 0.359765 0.00850773)
(0.693098 0.431959 0.0096458)
(0.679131 0.517772 0.0105805)
(0.861147 0.125884 0.000692023)
(0.845146 0.148052 0.00149594)
(0.827629 0.174239 0.00238692)
(0.808588 0.205288 0.00336738)
(0.788099 0.242271 0.0044329)
(0.766398 0.286512 0.00556864)
(0.744063 0.339547 0.00674511)
(0.722353 0.402959 0.00791313)
(0.703817 0.477962 0.00899857)
(0.693171 0.564605 0.00989875)
(0.877963 0.149381 0.00102852)
(0.861521 0.174504 0.00167939)
(0.84335 0.204039 0.00240717)
(0.823481 0.238816 0.00321969)
(0.802091 0.27985 0.00411904)
(0.779615 0.328323 0.00509734)
(0.756982 0.385485 0.00613182)
(0.735995 0.452416 0.00717942)
(0.719931 0.529543 0.00817203)
(0.714231 0.615867 0.00901399)
(0.895934 0.175975 0.00141284)
(0.879272 0.204574 0.00189262)
(0.860741 0.237978 0.00243321)
(0.840439 0.276964 0.00304765)
(0.818685 0.322426 0.00374519)
(0.796177 0.375318 0.00452692)
(0.774269 0.4365 0.00538045)
(0.755372 0.506434 0.00627411)
(0.743474 0.584679 0.00715164)
(0.744524 0.669218 0.00792817)
(0.915635 0.204514 0.00175266)
(0.899059 0.236936 0.00203576)
(0.880603 0.274534 0.00236219)
(0.860474 0.317987 0.00275071)
(0.839181 0.368002 0.0032188)
(0.817746 0.425215 0.00377847)
(0.797993 0.489987 0.00443082)
(0.782938 0.562069 0.00515935)
(0.777125 0.640129 0.00592251)
(0.786604 0.721267 0.00664574)
(0.937792 0.233567 0.00192485)
(0.921846 0.269809 0.0019817)
(0.904217 0.311527 0.00206859)
(0.885254 0.359264 0.00221104)
(0.8657 0.413485 0.00243607)
(0.846915 0.47444 0.00276829)
(0.831172 0.541926 0.00322411)
(0.821954 0.614955 0.00380326)
(0.824038 0.69138 0.0044774)
(0.843007 0.767664 0.005177)
(0.963429 0.260941 0.00176006)
(0.949089 0.300505 0.00157089)
(0.933542 0.345711 0.00140845)
(0.917298 0.396945 0.00130576)
(0.901313 0.454414 0.00129988)
(0.887223 0.517972 0.00142831)
(0.877597 0.586871 0.00172215)
(0.876089 0.659463 0.00219468)
(0.887232 0.732975 0.00282514)
(0.915565 0.803524 0.00354109)
(0.994014 0.283488 0.00108029)
(0.982826 0.325306 0.000656553)
(0.971212 0.372746 0.000269391)
(0.959795 0.426057 -4.18676e-05)
(0.949644 0.485229 -0.000231752)
(0.94249 0.549799 -0.000252212)
(0.940902 0.618598 -6.09733e-05)
(0.948287 0.68951 0.000363481)
(0.968439 0.759379 0.00100115)
(1.00445 0.824229 0.00177116)
(0.960097 0.0252459 -0.0102604)
(0.954906 0.0232535 -0.0099346)
(0.949708 0.0214579 -0.00960543)
(0.944481 0.0198913 -0.00927045)
(0.9392 0.0185902 -0.00892693)
(0.933837 0.0175954 -0.00857186)
(0.928359 0.0169524 -0.00820188)
(0.922731 0.016712 -0.00781337)
(0.916913 0.0169306 -0.00740235)
(0.910861 0.0176706 -0.00696454)
(0.90453 0.0190002 -0.00649539)
(0.897867 0.0209945 -0.00599007)
(0.890822 0.0237348 -0.00544356)
(0.883342 0.02731 -0.00485073)
(0.875372 0.0318177 -0.0042065)
(0.86686 0.0373665 -0.00350601)
(0.857758 0.0440801 -0.00274493)
(0.848018 0.0521053 -0.00191975)
(0.837597 0.0616226 -0.00102825)
(0.826452 0.0728648 -6.98981e-05)
(0.969175 0.0225363 -0.0099837)
(0.964255 0.0205504 -0.00966359)
(0.959343 0.0187608 -0.00934119)
(0.954418 0.0172008 -0.00901431)
(0.949458 0.0159084 -0.00868049)
(0.944435 0.0149269 -0.00833702)
(0.93932 0.0143057 -0.00798089)
(0.934076 0.0141007 -0.00760882)
(0.928665 0.0143755 -0.00721727)
(0.923041 0.0152018 -0.00680239)
(0.917154 0.0166604 -0.00636012)
(0.910948 0.0188416 -0.00588611)
(0.904365 0.0218466 -0.00537585)
(0.897339 0.0257885 -0.00482466)
(0.889805 0.0307949 -0.0042278)
(0.881691 0.037011 -0.00358055)
(0.872929 0.044606 -0.00287842)
(0.863448 0.0537826 -0.00211729)
(0.853178 0.0647914 -0.00129375)
(0.842047 0.0779529 -0.000405408)
(0.977633 0.0214347 -0.00957186)
(0.972937 0.0195463 -0.0092496)
(0.968264 0.0178628 -0.0089257)
(0.963596 0.0164189 -0.0085981)
(0.958912 0.0152548 -0.00826454)
(0.954188 0.0144171 -0.00792247)
(0.949396 0.0139594 -0.00756913)
(0.944503 0.0139438 -0.00720148)
(0.939471 0.0144417 -0.00681628)
(0.934256 0.0155355 -0.00641004)
(0.928808 0.0173195 -0.0059791)
(0.923071 0.0199014 -0.00551967)
(0.916982 0.0234044 -0.00502782)
(0.910469 0.0279692 -0.00449962)
(0.903459 0.0337574 -0.00393116)
(0.895869 0.0409568 -0.0033187)
(0.887615 0.0497896 -0.00265873)
(0.878608 0.0605246 -0.00194816)
(0.868756 0.0734961 -0.00118451)
(0.857963 0.0891306 -0.00036623)
(0.985438 0.0216841 -0.00906587)
(0.980918 0.0199593 -0.00873671)
(0.976437 0.0184539 -0.00840637)
(0.971979 0.0172046 -0.0080729)
(0.967527 0.0162543 -0.00773411)
(0.96306 0.015653 -0.00738758)
(0.958553 0.0154594 -0.00703064)
(0.953977 0.0157423 -0.0066604)
(0.949298 0.0165821 -0.00627376)
(0.944475 0.0180729 -0.00586749)
(0.939462 0.0203243 -0.00543821)
(0.934202 0.0234642 -0.00498254)
(0.928633 0.0276409 -0.00449714)
(0.922684 0.0330275 -0.00397889)
(0.916275 0.0398264 -0.00342496)
(0.909318 0.0482768 -0.00283299)
(0.901718 0.0586653 -0.00220127)
(0.893376 0.0713423 -0.00152893)
(0.884183 0.0867445 -0.000816168)
(0.87403 0.105427 -6.46558e-05)
(0.992613 0.0230052 -0.00850314)
(0.988225 0.0214817 -0.00816484)
(0.983894 0.0201947 -0.00782584)
(0.979607 0.0191828 -0.00748426)
(0.975351 0.0184918 -0.00713791)
(0.971109 0.0181755 -0.00678439)
(0.966861 0.0182979 -0.00642104)
(0.962584 0.0189352 -0.00604498)
(0.958248 0.0201777 -0.00565313)
(0.953817 0.0221326 -0.00524232)
(0.94925 0.0249273 -0.00480931)
(0.944496 0.0287125 -0.00435102)
(0.939495 0.0336666 -0.00386461)
(0.934177 0.0400009 -0.00334775)
(0.928463 0.047967 -0.00279889)
(0.922262 0.057866 -0.00221748)
(0.915475 0.070063 -0.00160439)
(0.907994 0.0850065 -0.000962196)
(0.899706 0.103254 -0.000295666)
(0.890501 0.125507 0.000387625)
(0.999211 0.025116 -0.00791529)
(0.994918 0.0238032 -0.00756744)
(0.990704 0.0227433 -0.0072195)
(0.98656 0.0219768 -0.00686955)
(0.982477 0.0215521 -0.00651537)
(0.978445 0.021527 -0.00615447)
(0.974448 0.0219714 -0.00578405)
(0.970471 0.0229696 -0.00540108)
(0.96649 0.0246233 -0.00500232)
(0.962477 0.027055 -0.00458446)
(0.958398 0.030413 -0.00414423)
(0.954208 0.0348752 -0.00367866)
(0.949851 0.0406558 -0.00318535)
(0.945263 0.0480122 -0.00266289)
(0.940365 0.0572545 -0.0021113)
(0.935067 0.0687577 -0.0015326)
(0.929268 0.0829778 -0.000931432)
(0.922862 0.100474 -0.000315763)
(0.915745 0.121932 0.000302307)
(0.907827 0.148193 0.000905522)
(1.0053 0.027748 -0.00732754)
(1.00107 0.0266307 -0.00697081)
(0.996951 0.0257796 -0.00661473)
(0.992934 0.0252368 -0.00625725)
(0.989016 0.0250535 -0.00589599)
(0.985194 0.0252922 -0.0055282)
(0.98146 0.0260295 -0.00515078)
(0.977805 0.0273593 -0.00476031)
(0.974217 0.0293971 -0.00435315)
(0.970674 0.0322845 -0.00392559)
(0.967151 0.0361948 -0.00347411)
(0.96361 0.0413395 -0.00299575)
(0.960004 0.0479758 -0.00248861)
(0.956269 0.0564158 -0.00195256)
(0.952331 0.0670374 -0.00139009)
(0.948101 0.0802979 -0.00080726)
(0.943483 0.0967503 -0.000214871)
(0.938382 0.117061 0.000370376)
(0.932722 0.142024 0.000924566)
(0.926498 0.172562 0.00141525)
(1.01093 0.0306611 -0.00675876)
(1.00675 0.0297054 -0.00639432)
(1.00272 0.0290248 -0.00603127)
(0.998821 0.0286633 -0.00566735)
(0.995073 0.0286757 -0.00529981)
(0.991477 0.0291299 -0.00492546)
(0.988033 0.0301113 -0.00454059)
(0.984744 0.0317261 -0.00414112)
(0.981604 0.0341073 -0.00372268)
(0.978605 0.0374202 -0.0032809)
(0.975729 0.0418695 -0.00281185)
(0.972946 0.0477071 -0.00231264)
(0.970213 0.0552406 -0.00178236)
(0.967473 0.0648439 -0.00122327)
(0.964651 0.0769677 -0.000642187)
(0.961662 0.0921513 -5.22341e-05)
(0.95842 0.111033 0.00052544)
(0.954862 0.134352 0.00105991)
(0.950998 0.162936 0.00150904)
(0.947009 0.197641 0.00181875)
(1.01616 0.0336547 -0.00622209)
(1.01202 0.0328155 -0.005851)
(1.00806 0.0322561 -0.00548194)
(1.0043 0.0320232 -0.00511223)
(1.00074 0.0321762 -0.00473854)
(0.997393 0.0327909 -0.0043569)
(0.994282 0.0339637 -0.00396269)
(0.991414 0.0358174 -0.00355077)
(0.988796 0.0385072 -0.00311575)
(0.986429 0.0422277 -0.00265241)
(0.984305 0.0472213 -0.00215648)
(0.9824 0.0537865 -0.00162572)
(0.980676 0.0622864 -0.00106151)
(0.979074 0.0731582 -0.00047077)
(0.977522 0.0869201 0.000131659)
(0.975939 0.104175 0.000720538)
(0.974266 0.125605 0.00125787)
(0.972515 0.151941 0.00169122)
(0.970885 0.183886 0.00195369)
(0.969954 0.22196 0.00196684)
(1.02103 0.0365749 -0.0057257)
(1.01693 0.035803 -0.00534853)
(1.01305 0.0353127 -0.00497376)
(1.00942 0.0351548 -0.00459801)
(1.00607 0.0353951 -0.00421708)
(1.00302 0.0361198 -0.00382584)
(1.00029 0.0374404 -0.00341838)
(0.99791 0.0395003 -0.00298816)
(0.995896 0.0424822 -0.0025285)
(0.994261 0.0466157 -0.00203344)
(0.993002 0.0521858 -0.00149896)
(0.992101 0.0595403 -0.000924931)
(0.991518 0.0690967 -0.000317629)
(0.991192 0.0813466 0.000307182)
(0.991048 0.0968536 0.000920835)
(0.991018 0.11624 0.00147859)
(0.991103 0.140149 0.00191764)
(0.991483 0.169156 0.00215761)
(0.99273 0.203598 0.00210611)
(0.996159 0.243274 0.00167251)
(1.02542 0.0392074 -0.00529601)
(1.02144 0.0384813 -0.0049182)
(1.01774 0.0380252 -0.00454276)
(1.01435 0.0378906 -0.00416568)
(1.0113 0.0381459 -0.00378191)
(1.00862 0.0388816 -0.0033853)
(1.00636 0.0402158 -0.00296876)
(1.00455 0.0423004 -0.0025246)
(1.00322 0.0453284 -0.00204525)
(1.0024 0.0495401 -0.00152443)
(1.00209 0.0552296 -0.000959017)
(1.00228 0.0627491 -0.000351682)
(1.00294 0.0725101 0.00028572)
(1.00401 0.0849801 0.000928176)
(1.00543 0.100669 0.0015335)
(1.00713 0.120096 0.00203931)
(1.00918 0.143726 0.00236273)
(1.0119 0.171837 0.00240526)
(1.01615 0.2043 0.0020667)
(1.02375 0.240251 0.00127247)
(1.0294 0.0415407 -0.00492607)
(1.02565 0.0408473 -0.00455269)
(1.02221 0.0404004 -0.0041813)
(1.01913 0.040249 -0.0038074)
(1.01643 0.0404587 -0.00342533)
(1.01418 0.0411168 -0.00302824)
(1.01241 0.0423369 -0.00260829)
(1.01117 0.044264 -0.00215711)
(1.01051 0.04708 -0.00166666)
(1.01046 0.0510073 -0.0011307)
(1.01104 0.0563119 -0.000546978)
(1.01226 0.0633026 7.97496e-05)
(1.0141 0.0723275 0.000733881)
(1.01649 0.0837627 0.00138466)
(1.01937 0.0979926 0.00198209)
(1.02269 0.115372 0.00245457)
(1.0265 0.136156 0.00271026)
(1.03109 0.160385 0.00264563)
(1.03729 0.187687 0.00216524)
(1.0468 0.217024 0.00121642)
(1.03312 0.0436475 -0.00459359)
(1.02959 0.0429604 -0.0042239)
(1.02641 0.0424976 -0.00385542)
(1.02362 0.0423061 -0.00348309)
(1.02127 0.0424494 -0.00310057)
(1.01942 0.0430118 -0.0027003)
(1.01812 0.0441019 -0.00227372)
(1.01743 0.0458571 -0.00181185)
(1.0174 0.048446 -0.00130642)
(1.01807 0.05207 -0.000751522)
(1.01948 0.056962 -0.000146189)
(1.02164 0.0633821 0.000502256)
(1.02453 0.0716082 0.00117402)
(1.02809 0.0819208 0.00183235)
(1.03226 0.0945799 0.00241971)
(1.03695 0.109788 0.00285631)
(1.04216 0.127632 0.0030437)
(1.04814 0.147983 0.00287717)
(1.05562 0.170348 0.00227128)
(1.06609 0.193685 0.00120029)
(1.03659 0.0455226 -0.00429687)
(1.03327 0.0448229 -0.00392986)
(1.03033 0.0443273 -0.00356292)
(1.02783 0.0440814 -0.00319039)
(1.02581 0.0441468 -0.00280527)
(1.02434 0.0446049 -0.00239927)
(1.02348 0.0455591 -0.0019632)
(1.02329 0.0471378 -0.00148765)
(1.02385 0.0494948 -0.000964336)
(1.02518 0.0528078 -0.000388026)
(1.02735 0.0572737 0.000240602)
(1.03035 0.0631003 0.000911273)
(1.03418 0.0704935 0.00159974)
(1.03876 0.0796398 0.00226332)
(1.04401 0.0906845 0.0028375)
(1.04981 0.103701 0.00323574)
(1.0561 0.11865 0.00335542)
(1.06303 0.135307 0.00309418)
(1.07118 0.153161 0.00238028)
(1.08186 0.171284 0.00121699)
(1.03982 0.047174 -0.00403356)
(1.03669 0.0464491 -0.0036681)
(1.03399 0.0459108 -0.00330125)
(1.03175 0.0456033 -0.0029268)
(1.03004 0.0455867 -0.00253708)
(1.02892 0.0459389 -0.00212317)
(1.02847 0.046758 -0.00167534)
(1.02876 0.0481624 -0.00118394)
(1.02984 0.0502896 -0.000640907)
(1.03178 0.0532919 -4.19796e-05)
(1.03462 0.0573288 0.000610211)
(1.03837 0.062555 0.00130221)
(1.04301 0.0691061 0.00200528)
(1.04847 0.0770811 0.0026711)
(1.05462 0.0865248 0.00322905)
(1.0613 0.097409 0.0035874)
(1.06836 0.109611 0.00364171)
(1.07585 0.122874 0.00329469)
(1.08419 0.136742 0.00249046)
(1.0945 0.15047 0.00126063)
(1.04279 0.0486174 -0.00380101)
(1.03986 0.0478604 -0.00343591)
(1.03737 0.0472747 -0.0030678)
(1.03538 0.0469037 -0.00268988)
(1.03396 0.0468057 -0.00229388)
(1.03317 0.0470552 -0.00187033)
(1.03309 0.0477442 -0.00140911)
(1.0338 0.0489804 -0.000900522)
(1.03537 0.0508844 -0.000336935)
(1.03784 0.0535821 0.000284718)
(1.04128 0.0571952 0.000959652)
(1.04569 0.0618272 0.00167115)
(1.05104 0.0675476 0.00238614)
(1.05723 0.0743772 0.00305116)
(1.06411 0.0822774 0.00359051)
(1.07145 0.0911453 0.00390883)
(1.07903 0.100813 0.00390185)
(1.08677 0.111039 0.00347921)
(1.09495 0.12147 0.00260151)
(1.10452 0.13157 0.00132619)
(1.04554 0.049873 -0.0035964)
(1.04278 0.0490809 -0.00323056)
(1.04049 0.048447 -0.00285995)
(1.03873 0.0480141 -0.00247725)
(1.03757 0.0478384 -0.00207366)
(1.03709 0.0479911 -0.00163926)
(1.03735 0.0485573 -0.00116368)
(1.03844 0.0496338 -0.000637308)
(1.04043 0.0513235 -5.31526e-05)
(1.04339 0.0537264 0.000590502)
(1.04735 0.0569275 0.00128663)
(1.05233 0.0609815 0.00201531)
(1.05827 0.0658984 0.00273942)
(1.06507 0.0716316 0.00340103)
(1.07253 0.0780763 0.00392038)
(1.08036 0.0850792 0.00419993)
(1.08826 0.0924587 0.00413712)
(1.09603 0.10002 0.0036496)
(1.10382 0.107535 0.00271379)
(1.11241 0.11468 0.00140934)
(1.04807 0.0509628 -0.00341687)
(1.04548 0.0501352 -0.0030493)
(1.04337 0.0494549 -0.00267516)
(1.04182 0.0489637 -0.00228665)
(1.0409 0.0487159 -0.00187453)
(1.04069 0.0487786 -0.00142853)
(1.04125 0.0492304 -0.000938154)
(1.04269 0.0501565 -0.00039402)
(1.04506 0.0516425 0.000210097)
(1.04844 0.0537628 0.000874467)
(1.05285 0.0565677 0.00158982)
(1.05832 0.0600675 0.00233321)
(1.06477 0.0642192 0.00306386)
(1.07207 0.0689204 0.00372006)
(1.07998 0.0740157 0.00421902)
(1.08816 0.0793219 0.00446223)
(1.09622 0.0846661 0.00434996)
(1.10386 0.0899186 0.0038082)
(1.11111 0.0949865 0.0028278)
(1.11864 0.0997408 0.00150645)
(1.0504 0.0519087 -0.00325954)
(1.04795 0.0510471 -0.0028894)
(1.04602 0.0503235 -0.00251091)
(1.04466 0.0497787 -0.00211584)
(1.04396 0.0494648 -0.00169458)
(1.04399 0.0494451 -0.00123661)
(1.04483 0.0497908 -0.000731431)
(1.04657 0.050576 -0.000169998)
(1.04928 0.0518691 0.000453062)
(1.05302 0.0537204 0.00113654)
(1.05783 0.0561479 0.00186902)
(1.0637 0.0591218 0.00262473)
(1.07058 0.0625537 0.00335969)
(1.07828 0.0662955 0.00400915)
(1.08654 0.0701554 0.00448818)
(1.09497 0.0739362 0.00469829)
(1.10309 0.0774888 0.00454331)
(1.1105 0.0807584 0.00395739)
(1.11714 0.0837822 0.00294393)
(1.12358 0.0866054 0.00161455)
(1.05255 0.0527318 -0.00312158)
(1.05024 0.0518386 -0.00274816)
(1.04846 0.0510756 -0.00236466)
(1.04727 0.0504823 -0.0019625)
(1.04677 0.0501085 -0.00153176)
(1.04702 0.0500133 -0.00106177)
(1.0481 0.0502609 -0.00054208)
(1.05011 0.0509143 3.5906e-05)
(1.05311 0.0520254 0.000676667)
(1.05717 0.0536217 0.00137754)
(1.06232 0.0556918 0.00212504)
(1.06855 0.0581706 0.00289089)
(1.07577 0.0609311 0.00362838)
(1.0838 0.0637888 0.00427033)
(1.09233 0.0665273 0.00473049)
(1.10092 0.0689473 0.00491118)
(1.10901 0.0709329 0.00472019)
(1.11615 0.0725064 0.00409929)
(1.12216 0.0738248 0.00306237)
(1.12756 0.0750838 0.00173124)
(1.05454 0.0534519 -0.00300013)
(1.05235 0.0525301 -0.00262288)
(1.05071 0.0517316 -0.00223389)
(1.04969 0.0510946 -0.00182429)
(1.04936 0.0506667 -0.00138392)
(1.04981 0.0505025 -0.000902016)
(1.05111 0.0506593 -0.000368296)
(1.05336 0.0511892 0.000225356)
(1.05662 0.0521285 0.000882499)
(1.06095 0.0534837 0.00159905)
(1.0664 0.0552168 0.00235964)
(1.07292 0.0572316 0.00313373)
(1.08043 0.059369 0.00387233)
(1.08872 0.0614166 0.00450643)
(1.09746 0.0631422 0.00494916)
(1.10613 0.0643534 0.00510421)
(1.11416 0.0649724 0.00488346)
(1.121 0.065096 0.00423566)
(1.1264 0.0649889 0.00318318)
(1.13082 0.0649735 0.00185467)
(1.05639 0.0540871 -0.00289242)
(1.05432 0.0531397 -0.00251087)
(1.05281 0.0523095 -0.00211602)
(1.05193 0.0516334 -0.00169873)
(1.05176 0.0511565 -0.0012487)
(1.05239 0.0509291 -0.00075512)
(1.05389 0.0510014 -0.000207921)
(1.05634 0.0514153 0.000400485)
(1.05983 0.0521923 0.00107273)
(1.06441 0.0533197 0.00180337)
(1.0701 0.0547352 0.0025753)
(1.07688 0.0563162 0.00335601)
(1.08463 0.0578767 0.00409462)
(1.09313 0.0591834 0.00472083)
(1.10201 0.059996 0.00514767)
(1.11074 0.0601346 0.00528064)
(1.11867 0.0595619 0.00503575)
(1.1252 0.0584442 0.00436793)
(1.13004 0.0571402 0.00330624)
(1.13357 0.0560783 0.0019834)
(1.05813 0.0546544 -0.00279568)
(1.05616 0.0536842 -0.00240945)
(1.05477 0.0528257 -0.00200845)
(1.05403 0.0521145 -0.00158332)
(1.05401 0.0515929 -0.00112363)
(1.05479 0.0513072 -0.000618633)
(1.05647 0.0513007 -5.84934e-05)
(1.05912 0.0516051 0.000563811)
(1.06281 0.0522284 0.00124999)
(1.0676 0.0531398 0.00199332)
(1.0735 0.0542559 0.00277507)
(1.08049 0.0554308 0.00356102)
(1.08844 0.056457 0.00429877)
(1.0971 0.0570858 0.00491716)
(1.10609 0.0570747 0.00532957)
(1.11484 0.0562605 0.00544362)
(1.12267 0.0546463 0.00517939)
(1.1289 0.0524622 0.00449725)
(1.13322 0.0501479 0.00343137)
(1.13594 0.0482194 0.00211633)
(1.05977 0.0551688 -0.00270724)
(1.05791 0.0541783 -0.002316)
(1.05663 0.0532945 -0.00190858)
(1.05601 0.0525515 -0.00147547)
(1.05613 0.0519891 -0.00100615)
(1.05706 0.0516492 -0.000489951)
(1.0589 0.0515685 8.26633e-05)
(1.06172 0.0517692 0.000718129)
(1.06559 0.0522461 0.00141724)
(1.07056 0.0529522 0.00217203)
(1.07665 0.0537851 0.00296231)
(1.08382 0.0545789 0.00375235)
(1.09193 0.0551087 0.00448851)
(1.10073 0.0551156 0.00509914)
(1.1098 0.054359 0.00549836)
(1.11854 0.0526956 0.0055961)
(1.12624 0.0501681 0.00531642)
(1.13221 0.0470639 0.0046245)
(1.13605 0.0438921 0.00355832)
(1.13805 0.0412406 0.00225257)
(1.06135 0.0556441 -0.0026245)
(1.05959 0.0546354 -0.00222795)
(1.05842 0.0537288 -0.00181387)
(1.05791 0.0529568 -0.00137262)
(1.05816 0.0523567 -0.000893648)
(1.05923 0.051966 -0.000366387)
(1.06121 0.051815 0.000218351)
(1.06418 0.0519167 0.000866394)
(1.06822 0.0522536 0.00157762)
(1.07335 0.0527637 0.00234287)
(1.07961 0.0533274 0.00314058)
(1.08693 0.0537619 0.0039337)
(1.09518 0.0538285 0.00466761)
(1.10408 0.0532619 0.00527046)
(1.1132 0.0518276 0.00565737)
(1.12192 0.049404 0.0057408)
(1.1295 0.0460719 0.00544866)
(1.13521 0.0421707 0.00475041)
(1.13862 0.038268 0.00368681)
(1.13998 0.0350104 0.0023914)
(1.06288 0.0560926 -0.00254503)
(1.06121 0.0550674 -0.00214285)
(1.06014 0.05414 -0.00172185)
(1.05975 0.0533413 -0.00127226)
(1.06012 0.052706 -0.00078353)
(1.06132 0.0522674 -0.000245245)
(1.06344 0.0520493 0.000351408)
(1.06656 0.0520559 0.00101161)
(1.07074 0.0522581 0.00173433)
(1.07602 0.0525799 0.00250923)
(1.08242 0.0528863 0.00331345)
(1.08988 0.05298 0.00410875)
(1.09824 0.0526116 0.00483975)
(1.10722 0.0515132 0.00543462)
(1.11637 0.0494593 0.00580974)
(1.12505 0.0463516 0.0058802)
(1.1325 0.0423078 0.00557769)
(1.13797 0.037714 0.00487555)
(1.14101 0.0331873 0.00381658)
(1.1418 0.0294215 0.00253217)
(1.06439 0.0565252 -0.00246649)
(1.06281 0.0554848 -0.00205838)
(1.06184 0.0545381 -0.00163015)
(1.06156 0.0537146 -0.00117196)
(1.06204 0.0530462 -0.000673281)
(1.06337 0.0525619 -0.000123885)
(1.06562 0.0522794 0.000484623)
(1.06887 0.0521941 0.00115675)
(1.07319 0.0522659 0.00189051)
(1.07861 0.0524056 0.00267442)
(1.08514 0.0524646 0.00348437)
(1.09271 0.0522329 0.00428103)
(1.10117 0.0514535 0.0050084)
(1.11021 0.0498588 0.00559488)
(1.11937 0.047235 0.0059583)
(1.128 0.0435086 0.00601649)
(1.13533 0.0388332 0.00570487)
(1.14057 0.033637 0.00500039)
(1.14326 0.0285787 0.00394733)
(1.14355 0.0243895 0.00267433)
(1.06589 0.0569513 -0.00238677)
(1.0644 0.0558968 -0.00197237)
(1.06353 0.0549321 -0.00153657)
(1.06335 0.0540852 -0.00106944)
(1.06395 0.0533853 -0.000560506)
(1.0654 0.0528572 2.16869e-07)
(1.06777 0.0525124 0.000620672)
(1.07115 0.0523379 0.00130465)
(1.0756 0.0522827 0.00204917)
(1.08115 0.0522454 0.00284159)
(1.0878 0.0520648 0.00365658)
(1.09547 0.0515206 0.00445379)
(1.10401 0.0503502 0.00517673)
(1.11309 0.0482893 0.00575419)
(1.12225 0.0451384 0.00610558)
(1.13082 0.0408503 0.0061516)
(1.13801 0.0356136 0.0058314)
(1.14304 0.0298945 0.00512531)
(1.14542 0.024387 0.00407878)
(1.14525 0.0198509 0.0028173)
(1.06739 0.0573791 -0.00230391)
(1.066 0.0563111 -0.00188285)
(1.06523 0.0553294 -0.00143905)
(1.06516 0.0544603 -0.000962553)
(1.06586 0.0537304 -0.000442968)
(1.06743 0.0531602 0.000129426)
(1.06993 0.0527549 0.000762061)
(1.07344 0.0524932 0.00145795)
(1.07801 0.0523137 0.00221309)
(1.08368 0.0521034 0.00301362)
(1.09043 0.0516895 0.00383303)
(1.0982 0.0508431 0.00462998)
(1.1068 0.0492986 0.00534756)
(1.11591 0.0467975 0.0059151)
(1.12506 0.0431571 0.00625374)
(1.13356 0.0383577 0.00628716)
(1.14061 0.0326225 0.00595822)
(1.14543 0.0264529 0.00525058)
(1.14751 0.0205719 0.00421066)
(1.14695 0.0157601 0.00296054)
(1.06892 0.0578154 -0.00221619)
(1.06762 0.0567346 -0.00178802)
(1.06695 0.0557366 -0.00133574)
(1.06698 0.0548463 -0.000849363)
(1.06781 0.0540876 -0.000318612)
(1.06949 0.0534768 0.000265918)
(1.07211 0.0530127 0.000911088)
(1.07574 0.0526655 0.00161907)
(1.08043 0.0523639 0.00238478)
(1.08622 0.0519835 0.00319312)
(1.09308 0.0513415 0.00401633)
(1.10093 0.0502015 0.00481213)
(1.10958 0.0482973 0.0055233)
(1.11871 0.0453787 0.00607979)
(1.12782 0.0412825 0.0064046)
(1.13624 0.0360177 0.00642448)
(1.14315 0.0298421 0.0060861)
(1.14777 0.0232892 0.0053764)
(1.14957 0.0171062 0.00434263)
(1.14865 0.0120874 0.00310348)
(1.0472 0.263324 1.49946e-05)
(1.08748 0.263572 -0.00161489)
(1.13422 0.253454 -0.00317188)
(1.18497 0.234348 -0.00407763)
(1.23396 0.208698 -0.0040573)
(1.27417 0.178476 -0.00336281)
(1.301 0.144464 -0.00255963)
(1.31435 0.107004 -0.00210511)
(1.31742 0.0671684 -0.00211516)
(1.31426 0.0270962 -0.00241781)
(1.06942 0.233509 -0.000128991)
(1.10487 0.22997 -0.00169126)
(1.145 0.218683 -0.00304136)
(1.18786 0.200996 -0.00367639)
(1.22875 0.178678 -0.00343321)
(1.26185 0.152912 -0.00262377)
(1.28334 0.123997 -0.00179615)
(1.29308 0.0920723 -0.001362)
(1.29385 0.0580058 -0.00141322)
(1.28922 0.0235821 -0.00178468)
(1.08708 0.20505 -0.000196285)
(1.11766 0.19949 -0.00167541)
(1.1518 0.188267 -0.00283624)
(1.18804 0.172508 -0.00325208)
(1.2225 0.15341 -0.00284772)
(1.2502 0.131603 -0.00196974)
(1.26778 0.107091 -0.0011411)
(1.27504 0.0798857 -0.000733723)
(1.27431 0.050687 -0.000822186)
(1.26878 0.0209736 -0.00124898)
(1.10074 0.178801 -0.000202121)
(1.12673 0.172407 -0.00159413)
(1.15566 0.161946 -0.00259098)
(1.18647 0.148276 -0.00283566)
(1.21585 0.132144 -0.00231924)
(1.23945 0.113807 -0.00140538)
(1.25419 0.093089 -0.000589432)
(1.25976 0.0699171 -0.0002103)
(1.25812 0.0448473 -0.000330807)
(1.25212 0.0190988 -0.00080175)
(1.11107 0.155162 -0.000160951)
(1.13295 0.14867 -0.0014701)
(1.15744 0.139312 -0.0023309)
(1.18381 0.127691 -0.00244626)
(1.2092 0.114218 -0.00185561)
(1.22967 0.098901 -0.000928104)
(1.24235 0.0814519 -0.000132033)
(1.24681 0.0617389 0.000220424)
(1.24469 0.0401935 7.36336e-05)
(1.23853 0.0178146 -0.000432062)
(1.11877 0.134217 -8.54241e-05)
(1.13706 0.128041 -0.00132105)
(1.15781 0.119902 -0.00207314)
(1.18055 0.110187 -0.00209419)
(1.20275 0.099061 -0.00145782)
(1.22082 0.0863638 -0.000531402)
(1.23203 0.0717383 0.000241826)
(1.2358 0.0550061 0.000570867)
(1.2335 0.0364903 0.000403678)
(1.22741 0.0170039 -0.000128732)
(1.12445 0.115852 1.41229e-05)
(1.13965 0.110193 -0.00115988)
(1.15725 0.103259 -0.00182833)
(1.17699 0.0952637 -0.0017836)
(1.19664 0.0861909 -0.00112276)
(1.21286 0.0757667 -0.000206984)
(1.22301 0.0635891 0.000542981)
(1.2264 0.0494404 0.000852658)
(1.22414 0.0335489 0.0006708)
(1.21827 0.0165706 0.000118679)
(1.12863 0.0998446 0.000129741)
(1.14117 0.0947711 -0.000995314)
(1.1561 0.0889607 -0.00160217)
(1.17335 0.0824883 -0.00151461)
(1.19092 0.0752053 -0.000845109)
(1.20568 0.0667577 5.38951e-05)
(1.21508 0.0567124 0.000781556)
(1.21831 0.0448176 0.00107613)
(1.21626 0.0312179 0.000885)
(1.21073 0.0164363 0.00031937)
(1.13173 0.0859241 0.000255656)
(1.14196 0.0814284 -0.000832777)
(1.15462 0.0766302 -0.0013969)
(1.16976 0.0714943 -0.00128488)
(1.18559 0.0657714 -0.000618589)
(1.1992 0.0590495 0.000259673)
(1.20807 0.0508723 0.000966585)
(1.21129 0.0409574 0.00125012)
(1.20956 0.0293758 0.00105469)
(1.20445 0.0165373 0.000481111)
(1.13404 0.0738126 0.000387904)
(1.14229 0.0698476 -0.000675221)
(1.15296 0.0659433 -0.0012125)
(1.16629 0.0619757 -0.00109071)
(1.18066 0.0576162 -0.000436713)
(1.19331 0.0524087 0.000418091)
(1.20182 0.0458787 0.00110589)
(1.20515 0.0377156 0.00138203)
(1.20381 0.0279256 0.00118674)
(1.19919 0.0168221 0.000610236)
(1.13583 0.063246 0.000523924)
(1.14233 0.0597487 -0.000523874)
(1.15126 0.056626 -0.00104751)
(1.16298 0.0536799 -0.000927789)
(1.17608 0.0505177 -0.000293233)
(1.18795 0.0466475 0.000536035)
(1.1962 0.0415793 0.00120608)
(1.19972 0.0349771 0.00147789)
(1.19882 0.0267904 0.00128663)
(1.19473 0.0172496 0.000711738)
(1.13725 0.053987 0.000662169)
(1.14221 0.0508922 -0.000378833)
(1.14958 0.0484506 -0.000899721)
(1.15987 0.0464014 -0.00079166)
(1.17184 0.0442971 -0.000182383)
(1.18304 0.0416157 0.000619501)
(1.19111 0.0378532 0.00127268)
(1.19487 0.0326514 0.00154255)
(1.19445 0.0259099 0.00135861)
(1.19091 0.0177876 0.000789413)
(1.13845 0.0458299 0.000801771)
(1.14202 0.0430778 -0.000239531)
(1.14798 0.0412317 -0.000766571)
(1.15697 0.039975 -0.000678032)
(1.16791 0.0388124 -9.89829e-05)
(1.17851 0.0371948 0.000673638)
(1.18646 0.0346061 0.00131026)
(1.19048 0.0306682 0.00157984)
(1.19057 0.0252378 0.0014059)
(1.18761 0.0184122 0.000846023)
(1.13951 0.0386019 0.000942283)
(1.14183 0.0361422 -0.00010507)
(1.14649 0.0348207 -0.000645476)
(1.15427 0.0342703 -0.00058295)
(1.16427 0.0339523 -3.84754e-05)
(1.17432 0.033293 0.000702827)
(1.18217 0.0317652 0.00132256)
(1.18648 0.0289743 0.00159275)
(1.18708 0.0247399 0.00143084)
(1.18471 0.0191063 0.000883461)
(1.14051 0.0321623 0.00108347)
(1.14168 0.0299553 2.55378e-05)
(1.14514 0.0291013 -0.000534015)
(1.15179 0.0291866 -0.00050289)
(1.16089 0.0296319 3.08414e-06)
(1.17042 0.0298409 0.000710768)
(1.17819 0.0292767 0.00131263)
(1.18278 0.0275309 0.0015836)
(1.1839 0.0243921 0.0014351)
(1.18212 0.0198592 0.000902905)
(1.14148 0.0263992 0.00122519)
(1.1416 0.0244161 0.000153215)
(1.14395 0.023985 -0.000430049)
(1.14953 0.024648 -0.00043481)
(1.15777 0.0257882 2.90563e-05)
(1.1668 0.026788 0.000700566)
(1.17448 0.027102 0.00128297)
(1.17934 0.0263113 0.00155416)
(1.18097 0.0241793 0.0014198)
(1.17979 0.0206658 0.000904969)
(1.14248 0.021227 0.00136728)
(1.14162 0.0194491 0.000278713)
(1.14291 0.0194068 -0.000331797)
(1.14748 0.0206001 -0.000376163)
(1.15489 0.0223769 4.22548e-05)
(1.16342 0.0240995 0.000674806)
(1.171 0.0252158 0.00123561)
(1.17612 0.0252994 0.00150577)
(1.17824 0.0240939 0.00138563)
(1.17765 0.0215264 0.000889824)
(1.1435 0.016583 0.00150949)
(1.14175 0.0150003 0.000402561)
(1.14205 0.0153214 -0.000237863)
(1.14564 0.0170061 -0.000324893)
(1.15224 0.0193687 4.49861e-05)
(1.16027 0.0217537 0.000635623)
(1.16773 0.0236035 0.0011722)
(1.17308 0.0244877 0.00143949)
(1.17567 0.0241349 0.001333)
(1.17567 0.0224455 0.000857316)
(1.14458 0.0124237 0.00165151)
(1.14199 0.011034 0.000525035)
(1.14135 0.0117001 -0.000147244)
(1.14401 0.0138434 -0.000279422)
(1.14982 0.0167472 3.90872e-05)
(1.15734 0.0197396 0.000584754)
(1.16465 0.0222597 0.0010941)
(1.1702 0.023876 0.00135609)
(1.17324 0.024307 0.00126209)
(1.1738 0.0234319 0.000807067)
(1.14572 0.0087217 0.00179287)
(1.14235 0.00752887 0.000646158)
(1.14083 0.00852716 -5.93262e-05)
(1.14259 0.011101 -0.000238622)
(1.14763 0.0145056 2.59627e-05)
(1.15463 0.0180548 0.000523586)
(1.16176 0.0211861 0.00100241)
(1.16747 0.02347 0.00125621)
(1.17092 0.0246196 0.00117295)
(1.17203 0.0244978 0.000738558)
)
;

boundaryField
{
    down
    {
        type            symmetryPlane;
    }
    right
    {
        type            zeroGradient;
    }
    up
    {
        type            symmetryPlane;
    }
    left
    {
        type            uniformFixedValue;
        uniformValue    constant (1 0 0);
        value           uniform (1 0 0);
    }
    cylinder
    {
        type            symmetry;
    }
    defaultFaces
    {
        type            empty;
    }
}


// ************************************************************************* //
