/*--------------------------------*- C++ -*----------------------------------*\
| =========                 |                                                 |
| \\      /  F ield         | OpenFOAM: The Open Source CFD Toolbox           |
|  \\    /   O peration     | Version:  2112                                  |
|   \\  /    A nd           | Website:  www.openfoam.com                      |
|    \\/     M anipulation  |                                                 |
\*---------------------------------------------------------------------------*/
FoamFile
{
    version     2.0;
    format      ascii;
    arch        "LSB;label=32;scalar=64";
    class       volScalarField;
    location    "0";
    object      error_grad_c;
}
// * * * * * * * * * * * * * * * * * * * * * * * * * * * * * * * * * * * * * //

dimensions      [0 -1 0 0 0 0 0];

internalField   nonuniform List<scalar> 
4096
(
0.957349
1.50462
1.46438
1.41712
1.36303
1.30271
1.23722
1.16806
1.09706
1.0262
0.957318
0.891992
0.831292
0.775885
0.725946
0.623414
1.1527
1.66176
1.63341
1.59834
1.55636
1.50768
1.45292
1.39315
1.32991
1.26496
1.20011
1.13695
1.07676
1.02038
0.968269
0.885025
1.14685
1.67284
1.64288
1.60547
1.56033
1.50763
1.44806
1.38294
1.31416
1.24388
1.17433
1.10734
1.04432
0.986104
0.933004
0.854187
1.13558
1.67857
1.64682
1.60685
1.55827
1.50118
1.43639
1.36551
1.29084
1.21508
1.14086
1.07034
1.00499
0.945538
0.89214
0.817875
1.1188
1.67826
1.64447
1.60173
1.54945
1.4877
1.4174
1.34048
1.25977
1.17852
1.09988
1.02627
0.959207
0.899237
0.846266
0.776575
1.09669
1.67135
1.63534
1.58962
1.5335
1.46699
1.39112
1.30819
1.22156
1.13511
1.05248
0.97639
0.908279
0.848506
0.796626
0.731283
1.06979
1.65758
1.61915
1.57039
1.51049
1.43943
1.35837
1.2699
1.17793
1.08693
1.001
0.923048
0.854503
0.795438
0.745088
0.683562
1.03895
1.63704
1.59612
1.54444
1.48113
1.40613
1.32073
1.22782
1.13167
1.03718
0.948809
0.869659
0.801066
0.742914
0.694168
0.635456
1.00527
1.6102
1.56691
1.51266
1.4466
1.36874
1.28044
1.18475
1.08611
0.989604
0.899872
0.820096
0.751601
0.694201
0.646722
0.58931
0.96994
1.57795
1.53256
1.47633
1.4085
1.32917
1.23978
1.14335
1.04427
0.947519
0.857641
0.777801
0.709407
0.652341
0.605475
0.547417
0.934096
1.54139
1.49437
1.43693
1.36845
1.2892
1.2006
1.10554
1.00809
0.91288
0.824133
0.744893
0.676645
0.619491
0.572496
0.511627
0.89871
1.50177
1.45369
1.39586
1.32789
1.25012
1.16397
1.07208
0.978056
0.885945
0.799537
0.721643
0.653812
0.596357
0.54869
0.48302
0.864449
1.46028
1.41177
1.35436
1.28785
1.21269
1.13024
1.04278
0.953425
0.865597
0.782543
0.706788
0.639857
0.582274
0.533783
0.461705
0.831799
1.41799
1.36964
1.31333
1.24901
1.17723
1.09922
1.01693
0.932956
0.850126
0.771165
0.69823
0.632796
0.57554
0.526435
0.44699
0.800959
1.37576
1.32807
1.27338
1.21176
1.14379
1.07055
0.993697
0.915361
0.837842
0.763377
0.693799
0.630449
0.574061
0.524817
0.437607
0.771165
1.33426
1.28746
1.23384
1.17364
1.10755
1.03675
0.962913
0.888041
0.814267
0.743596
0.677686
0.617648
0.564114
0.517165
0.423409
1.35711
1.79431
1.76436
1.72814
1.68541
1.63622
1.58109
1.52094
1.45717
1.39143
1.32544
1.26079
1.19872
1.14014
1.08554
1.00535
1.50801
1.93938
1.92256
1.89958
1.86964
1.83211
1.78671
1.73378
1.67424
1.60966
1.54202
1.47338
1.40567
1.34035
1.27846
1.20023
1.50733
1.95706
1.94163
1.91962
1.88997
1.85174
1.80447
1.74837
1.6845
1.61477
1.54168
1.46781
1.39545
1.32626
1.26135
1.18495
1.50145
1.96944
1.95546
1.93455
1.90534
1.86661
1.81759
1.75831
1.68997
1.61492
1.53623
1.45711
1.38024
1.3075
1.23998
1.16532
1.4897
1.97516
1.96245
1.94256
1.91384
1.87472
1.82408
1.76176
1.68902
1.60868
1.52453
1.44044
1.35953
1.28381
1.2143
1.14134
1.4716
1.97286
1.96095
1.94172
1.91327
1.87373
1.82159
1.75646
1.67967
1.59451
1.50551
1.41719
1.33307
1.25522
1.18452
1.11327
1.44698
1.96134
1.94953
1.93027
1.90154
1.86125
1.80762
1.74006
1.65996
1.57099
1.47834
1.38708
1.30101
1.22214
1.1512
1.08177
1.41608
1.94001
1.92731
1.90705
1.8772
1.83557
1.78033
1.71085
1.62854
1.53736
1.44291
1.35053
1.26406
1.18547
1.11528
1.04774
1.37954
1.90893
1.89429
1.872
1.84009
1.79648
1.73949
1.66865
1.58554
1.4942
1.40016
1.30872
1.22355
1.1465
1.07797
1.01233
1.33837
1.86895
1.85152
1.82639
1.79172
1.74574
1.68708
1.61566
1.53327
1.44376
1.35227
1.26364
1.18126
1.1068
1.04064
0.976716
1.29384
1.82164
1.80095
1.77259
1.73498
1.68671
1.62693
1.55591
1.47558
1.3895
1.30214
1.21768
1.13911
1.06795
1.00457
0.94193
1.24725
1.76893
1.74496
1.7135
1.6733
1.62335
1.56327
1.49367
1.41649
1.33485
1.25251
1.17295
1.09871
1.03117
0.970762
0.908758
1.19985
1.71293
1.686
1.65194
1.60984
1.55909
1.49966
1.43236
1.35902
1.28233
1.20534
1.13091
1.06115
0.99732
0.93988
0.877635
1.15272
1.65548
1.62614
1.5902
1.54706
1.49639
1.43841
1.37405
1.30494
1.23331
1.16165
1.09225
1.0269
0.966705
0.912149
0.848761
1.10667
1.5981
1.56703
1.52997
1.48656
1.43673
1.38081
1.31975
1.25497
1.1883
1.12175
1.05714
0.995999
0.939289
0.887501
0.822096
1.06237
1.54168
1.5085
1.46927
1.4239
1.3727
1.31642
1.25624
1.19373
1.13066
1.06874
1.00942
0.953748
0.902357
0.855463
0.789295
1.33312
1.78002
1.74939
1.71196
1.66734
1.61559
1.55724
1.49344
1.4259
1.3566
1.28762
1.22072
1.15727
1.09813
1.04368
0.969712
1.49
1.93339
1.91823
1.89663
1.86753
1.83002
1.78364
1.72859
1.66591
1.5975
1.52577
1.45329
1.38229
1.3144
1.25069
1.17635
1.49029
1.95527
1.9421
1.92205
1.8937
1.85573
1.80734
1.74848
1.68038
1.60545
1.52685
1.44789
1.37128
1.2989
1.23185
1.15916
1.48521
1.97203
1.96102
1.94279
1.91555
1.87751
1.82726
1.76453
1.69063
1.6086
1.52263
1.43691
1.35474
1.27821
1.20827
1.13713
1.47403
1.98202
1.97304
1.95669
1.93076
1.89291
1.84111
1.77457
1.69466
1.60523
1.51168
1.41932
1.33205
1.252
1.17991
1.11026
1.45623
1.98349
1.97604
1.9612
1.93642
1.89879
1.84564
1.77556
1.68988
1.59326
1.49256
1.3943
1.30287
1.22031
1.14704
1.07901
1.43162
1.97491
1.96803
1.95374
1.92931
1.89145
1.83691
1.76375
1.67312
1.57047
1.46406
1.36148
1.26744
1.18378
1.11045
1.04424
1.40046
1.95528
1.94758
1.93239
1.90689
1.86768
1.81131
1.73555
1.64152
1.5352
1.42575
1.32136
1.2268
1.1436
1.0714
1.00724
1.36352
1.9245
1.91446
1.8967
1.86845
1.82645
1.76749
1.68966
1.59434
1.48768
1.37876
1.27562
1.18279
1.10159
1.03147
0.96954
1.32194
1.88354
1.86989
1.84818
1.81589
1.7701
1.70825
1.62922
1.53492
1.43118
1.32618
1.22704
1.13783
1.0598
0.99243
0.93262
1.27713
1.83429
1.81629
1.79006
1.75332
1.70378
1.63969
1.56084
1.46957
1.37111
1.27222
1.1788
1.09437
1.02014
0.955806
0.897668
1.23049
1.77916
1.75679
1.72619
1.68553
1.63321
1.56825
1.49114
1.40435
1.31235
1.22047
1.13342
1.0542
0.98398
0.922698
0.865403
1.18335
1.72061
1.69434
1.66014
1.61668
1.56293
1.49856
1.42445
1.34297
1.25773
1.17294
1.09227
1.01821
0.951928
0.893563
0.836094
1.13674
1.66079
1.6314
1.59465
1.54961
1.49572
1.43312
1.3628
1.28688
1.20828
1.1302
1.05559
0.986475
0.923963
0.868364
0.809628
1.09143
1.60139
1.56977
1.53147
1.48595
1.43296
1.37287
1.30673
1.2363
1.16391
1.09206
1.02306
0.958599
0.899688
0.846738
0.785698
1.04758
1.54221
1.50714
1.46524
1.41632
1.36072
1.2993
1.23357
1.16552
1.09736
1.03122
0.96875
0.911092
0.858775
0.811837
0.750748
1.30137
1.75887
1.72721
1.68814
1.6412
1.58637
1.5243
1.45642
1.38479
1.31186
1.24006
1.17139
1.10724
1.04833
0.994865
0.927219
1.46454
1.92065
1.907
1.88669
1.85838
1.8209
1.7735
1.71624
1.65029
1.57793
1.50213
1.42597
1.35201
1.28205
1.21713
1.14651
1.46518
1.94649
1.93547
1.91736
1.89039
1.85279
1.80323
1.74143
1.66874
1.58814
1.50377
1.41971
1.33919
1.26423
1.19575
1.12661
1.46033
1.96752
1.95946
1.94412
1.91915
1.88208
1.8307
1.76417
1.68386
1.59384
1.4998
1.40722
1.3201
1.24048
1.16904
1.10123
1.44921
1.98181
1.97677
1.96445
1.94203
1.90612
1.85344
1.78214
1.69353
1.593
1.48845
1.3872
1.29388
1.2104
1.13691
1.07045
1.43125
1.98725
1.98473
1.97515
1.95525
1.92085
1.86742
1.79171
1.69458
1.58301
1.46787
1.35857
1.26019
1.17414
1.09979
1.03488
1.40631
1.98184
1.9806
1.97256
1.95421
1.92079
1.86674
1.78732
1.68246
1.56078
1.43645
1.32098
1.21951
1.13261
1.05879
0.995755
1.37475
1.96412
1.96227
1.95362
1.93457
1.90018
1.84445
1.7618
1.65146
1.52313
1.3935
1.27534
1.17348
1.08763
1.01561
0.954905
1.33746
1.93377
1.92912
1.91722
1.8945
1.85614
1.7965
1.71059
1.59818
1.46929
1.34051
1.22425
1.12488
1.04176
0.97248
0.914427
1.29577
1.89187
1.88253
1.86522
1.83649
1.79194
1.72702
1.63849
1.52783
1.40442
1.28223
1.17181
1.07714
0.997812
0.931672
0.876241
1.2512
1.8407
1.82569
1.80203
1.7666
1.71589
1.64672
1.55786
1.45212
1.33758
1.2249
1.12229
1.03334
0.958113
0.895039
0.841692
1.20524
1.7832
1.76248
1.73281
1.6917
1.63658
1.56567
1.47915
1.38029
1.27558
1.17284
1.07833
0.995194
0.923954
0.863624
0.81135
1.15916
1.72229
1.69657
1.66212
1.61704
1.55975
1.4895
1.40722
1.31595
1.22078
1.12742
1.04056
0.962983
0.895466
0.837563
0.785105
1.11391
1.66039
1.6308
1.59301
1.54578
1.48822
1.42027
1.34311
1.25941
1.17299
1.08809
1.00832
0.935958
0.871986
0.816333
0.762387
1.07016
1.59936
1.56703
1.5273
1.47938
1.4229
1.35816
1.28637
1.20974
1.13118
1.05384
0.9805
0.913062
0.852519
0.799098
0.742454
1.02647
1.53707
1.49978
1.45479
1.40183
1.34119
1.27393
1.20194
1.12776
1.05418
0.983766
0.918462
0.859398
0.80692
0.760798
0.705058
1.26196
1.73049
1.69733
1.65616
1.60637
1.54792
1.48163
1.40924
1.33331
1.25679
1.18253
1.11272
1.0487
0.990944
0.939395
0.878145
1.43128
1.90018
1.88766
1.8683
1.84055
1.80293
1.75442
1.69493
1.62572
1.54951
1.4699
1.39052
1.31427
1.24303
1.17769
1.11068
1.43154
1.9294
1.92011
1.90363
1.87783
1.84047
1.78968
1.7248
1.64725
1.56082
1.47071
1.38198
1.29834
1.22176
1.15288
1.08722
1.42619
1.95423
1.94877
1.93607
1.91335
1.8773
1.82479
1.75409
1.66663
1.56776
1.46522
1.36615
1.27499
1.19355
1.12192
1.05751
1.41442
1.97256
1.9712
1.96295
1.94434
1.91085
1.85757
1.78091
1.68179
1.56795
1.45113
1.34119
1.24309
1.15792
1.08477
1.02161
1.39572
1.9819
1.98425
1.98037
1.96634
1.93649
1.88369
1.80151
1.68936
1.5582
1.42591
1.30567
1.20221
1.11509
1.04199
0.980402
1.37003
1.97973
1.98435
1.98347
1.97303
1.94655
1.89518
1.80904
1.68403
1.53476
1.38773
1.25953
1.15334
1.06649
0.995127
0.935628
1.33789
1.9641
1.96847
1.96759
1.95736
1.93111
1.87947
1.79049
1.65587
1.49284
1.33633
1.20484
1.0993
1.0149
0.946617
0.889857
1.30038
1.93437
1.93543
1.93052
1.9154
1.8834
1.8256
1.73115
1.59308
1.42931
1.27449
1.14626
1.04459
0.964116
0.89954
0.846
1.25898
1.8917
1.88683
1.87454
1.85043
1.80817
1.74009
1.63915
1.50468
1.35304
1.21012
1.09023
0.994297
0.918081
0.856947
0.806593
1.21535
1.83886
1.8267
1.80571
1.77175
1.71956
1.64375
1.54135
1.41584
1.28039
1.15227
1.04217
0.952119
0.879604
0.821054
0.773182
1.17094
1.77935
1.75998
1.73103
1.68908
1.63036
1.55188
1.45332
1.33911
1.21904
1.10464
1.00382
0.919126
0.84956
0.792718
0.746038
1.1269
1.71657
1.69107
1.65598
1.60882
1.54722
1.46991
1.3778
1.27497
1.16845
1.06606
0.973716
0.89406
0.827099
0.771462
0.7244
1.084
1.65323
1.62308
1.58391
1.53406
1.47227
1.39824
1.31333
1.2209
1.12599
1.03407
0.94951
0.87478
0.81048
0.756002
0.706987
1.04275
1.59121
1.55789
1.51644
1.46583
1.40549
1.33568
1.2578
1.17452
1.0895
1.00663
0.929193
0.859315
0.797879
0.744767
0.692499
0.999126
1.52578
1.48594
1.43749
1.37998
1.31373
1.23998
1.1611
1.08027
1.00097
0.926349
0.858603
0.798798
0.746992
0.702598
0.652428
1.2154
1.69476
1.65966
1.61589
1.56275
1.50025
1.42934
1.35218
1.27188
1.19199
1.11578
1.04556
0.982524
0.926876
0.878149
0.82325
1.39027
1.87118
1.8591
1.8401
1.8124
1.7743
1.72452
1.66282
1.59059
1.51097
1.42821
1.34647
1.26893
1.19741
1.13261
1.06922
1.38934
1.90282
1.89445
1.87885
1.85359
1.81602
1.76374
1.6957
1.61339
1.52139
1.4262
1.33387
1.24839
1.1715
1.10346
1.04144
1.38265
1.93058
1.92678
1.91587
1.89466
1.85918
1.80528
1.73021
1.63518
1.52716
1.41656
1.31222
1.21877
1.13735
1.06719
1.00643
1.36945
1.95222
1.95355
1.94848
1.93311
1.90186
1.8479
1.76531
1.65403
1.52504
1.39575
1.27878
1.17848
1.09424
1.02368
0.964293
1.34935
1.96498
1.97122
1.97241
1.96423
1.93944
1.88773
1.79792
1.66615
1.51012
1.35966
1.23135
1.1269
1.04252
0.973725
0.916139
1.32246
1.96585
1.97547
1.98159
1.98003
1.96256
1.91577
1.82196
1.66682
1.47749
1.3059
1.17024
1.06574
0.984279
0.9194
0.864328
1.28957
1.95233
1.96223
1.96935
1.96983
1.95538
1.91224
1.82099
1.6467
1.42372
1.23699
1.10032
0.999913
0.923756
0.864111
0.812403
1.25199
1.92345
1.92957
1.93184
1.92594
1.90311
1.84962
1.74822
1.56761
1.34389
1.16134
1.03097
0.937003
0.866709
0.812185
0.7644
1.21143
1.88047
1.87928
1.87173
1.85262
1.81273
1.73913
1.61916
1.44742
1.25576
1.09356
0.972997
0.884804
0.81877
0.767767
0.723761
1.16955
1.82657
1.81642
1.79741
1.76427
1.70921
1.62344
1.5015
1.34836
1.1867
1.04433
0.932361
0.847615
0.783306
0.733543
0.692297
1.1277
1.76586
1.74704
1.71796
1.67423
1.61053
1.52219
1.40823
1.27488
1.13694
1.01122
0.906895
0.824456
0.760244
0.710003
0.669772
1.08678
1.70214
1.67617
1.63973
1.58966
1.52278
1.43712
1.33359
1.21754
1.09858
0.987323
0.890823
0.811128
0.746953
0.695636
0.654467
1.0473
1.63831
1.60707
1.566
1.513
1.44639
1.36563
1.27228
1.17051
1.06677
0.967974
0.879358
0.803363
0.739999
0.687953
0.644076
1.0095
1.57625
1.54155
1.49803
1.44441
1.37993
1.30479
1.22058
1.13053
1.03904
0.950843
0.869777
0.798114
0.73651
0.684487
0.636521
0.966028
1.50814
1.46547
1.41325
1.35087
1.27864
1.19802
1.11184
1.02402
0.938863
0.860139
0.790317
0.730368
0.679998
0.638141
0.59359
1.16267
1.65202
1.61454
1.56779
1.511
1.4442
1.36858
1.2867
1.20227
1.11944
1.04184
0.971898
0.910627
0.857823
0.812612
0.763836
1.34205
1.83317
1.82069
1.80115
1.77272
1.73355
1.68222
1.61844
1.54371
1.46157
1.37682
1.29403
1.21649
1.14587
1.08264
1.02297
1.33909
1.86598
1.85733
1.84135
1.81547
1.77676
1.72251
1.65138
1.56488
1.46839
1.36962
1.27543
1.18985
1.11429
1.04844
0.990298
1.33026
1.89536
1.89162
1.8808
1.85948
1.82322
1.7672
1.68769
1.58554
1.46936
1.35249
1.24529
1.15206
1.07285
1.00596
0.949333
1.31489
1.91907
1.9211
1.91707
1.90283
1.87203
1.8165
1.72791
1.60401
1.45965
1.31982
1.19944
1.1007
1.02053
0.954992
0.900122
1.29278
1.93421
1.94204
1.94584
1.94121
1.91969
1.86803
1.77004
1.61456
1.42933
1.26372
1.134
1.03473
0.957692
0.896504
0.843997
1.26431
1.93744
1.9496
1.96029
1.96599
1.95714
1.91284
1.80474
1.6033
1.3636
1.17847
1.04932
0.956638
0.887204
0.833162
0.783932
1.23057
1.92584
1.93882
1.95178
1.9626
1.96297
1.92728
1.82919
1.57917
1.2633
1.07314
0.955112
0.874358
0.815197
0.769591
0.724593
1.19321
1.89813
1.90695
1.91433
1.91727
1.90589
1.85208
1.73113
1.46664
1.15197
0.974689
0.870046
0.800404
0.750154
0.711715
0.671506
1.15409
1.85558
1.85593
1.85099
1.83522
1.79574
1.70764
1.54708
1.31234
1.07497
0.91376
0.813378
0.747152
0.700333
0.665247
0.629415
1.11482
1.80176
1.79177
1.77274
1.73826
1.67747
1.5764
1.42666
1.2362
1.04405
0.893637
0.78998
0.719485
0.669968
0.633652
0.600558
1.07651
1.74119
1.72146
1.69067
1.64345
1.57277
1.47218
1.34006
1.18455
1.02707
0.89166
0.787878
0.712178
0.657278
0.616779
0.584044
1.03974
1.67795
1.65043
1.61155
1.55749
1.48427
1.38929
1.27351
1.14355
1.01197
0.892589
0.793596
0.715991
0.656675
0.611543
0.576787
1.00463
1.61496
1.58195
1.53828
1.48153
1.40962
1.32185
1.21998
1.109
0.996731
0.891681
0.799896
0.723667
0.662332
0.613746
0.575073
0.971134
1.55406
1.51757
1.4716
1.41469
1.34594
1.26549
1.17518
1.0787
0.981204
0.888228
0.804131
0.731287
0.670104
0.619747
0.575838
0.928118
1.48424
1.43858
1.3825
1.31526
1.23712
1.14971
1.05633
0.961612
0.870681
0.78795
0.716225
0.656428
0.607889
0.569038
0.529833
1.10522
1.60302
1.5629
1.51302
1.45259
1.3817
1.30175
1.2157
1.12777
1.0426
0.964192
0.895047
0.835945
0.786334
0.744935
0.701713
1.28764
1.78635
1.77243
1.75131
1.72119
1.68021
1.62702
1.5614
1.48502
1.40171
1.31657
1.23435
1.15825
1.08975
1.02907
0.973168
1.28202
1.8188
1.8084
1.79046
1.76237
1.72119
1.66423
1.59015
1.50067
1.40176
1.30184
1.20815
1.12452
1.05186
0.989432
0.935443
1.27042
1.84815
1.84243
1.82931
1.8053
1.76588
1.70614
1.62215
1.5146
1.3934
1.27398
1.16744
1.07728
1.0024
0.940304
0.888366
1.25235
1.87226
1.87218
1.86574
1.8486
1.81415
1.75406
1.65926
1.5251
1.36952
1.22474
1.10628
1.0132
0.939947
0.881344
0.831889
1.22783
1.88824
1.89407
1.89575
1.88879
1.86406
1.80753
1.70332
1.52625
1.31284
1.14066
1.01839
0.930459
0.864682
0.813574
0.767426
1.19758
1.8927
1.90313
1.91252
1.91806
1.91011
1.86019
1.7393
1.48218
1.18209
1.0083
0.903076
0.831955
0.78012
0.740188
0.698433
1.1631
1.88257
1.89397
1.90637
1.91992
1.93205
1.91109
1.65508
1.21805
0.955032
0.843573
0.775301
0.72878
0.694258
0.666982
0.630673
1.12632
1.85636
1.86343
1.86983
1.87448
1.87217
1.82379
1.50026
1.00123
0.775285
0.707399
0.667442
0.640004
0.619029
0.601809
0.571374
1.08922
1.81533
1.81344
1.80607
1.78749
1.74206
1.62795
1.4006
1.07161
0.788925
0.668218
0.614892
0.58571
0.566722
0.552643
0.527107
1.0533
1.76321
1.75049
1.72782
1.68773
1.61655
1.49548
1.31553
1.08409
0.858005
0.706343
0.620691
0.572361
0.543289
0.524289
0.501068
1.01935
1.70462
1.68196
1.64716
1.59399
1.5141
1.39982
1.24959
1.07272
0.896637
0.753607
0.653285
0.587337
0.54441
0.515869
0.491666
0.987471
1.64362
1.61328
1.57063
1.51136
1.43096
1.32651
1.19922
1.05675
0.914092
0.78802
0.687783
0.613349
0.559913
0.521941
0.493921
0.957414
1.58308
1.54751
1.50056
1.43955
1.3622
1.26776
1.15825
1.03929
0.91987
0.809704
0.715552
0.639639
0.580727
0.535968
0.502244
0.928821
1.52471
1.486
1.43726
1.37694
1.30405
1.2188
1.12319
1.02129
0.918857
0.822028
0.735559
0.661916
0.601393
0.552831
0.512381
0.88672
1.45456
1.40595
1.34625
1.27461
1.19124
1.09789
0.998183
0.897317
0.801036
0.714388
0.640603
0.580666
0.533697
0.49771
0.463031
1.04484
1.54898
1.50622
1.4534
1.38977
1.31551
1.23221
1.14312
1.05276
0.966104
0.887396
0.819216
0.762209
0.715591
0.677771
0.639074
1.22858
1.73157
1.71525
1.69159
1.65887
1.61543
1.56016
1.49312
1.41621
1.33337
1.24966
1.16966
1.09636
1.031
0.973591
0.921434
1.21991
1.76215
1.74859
1.72713
1.69525
1.65026
1.58985
1.51321
1.4225
1.32393
1.22586
1.13519
1.05536
0.986853
0.928649
0.878985
1.20526
1.78977
1.77998
1.76209
1.73262
1.68729
1.62178
1.53319
1.42319
1.30218
1.18545
1.08343
0.998737
0.929637
0.87316
0.826311
1.18431
1.81247
1.8073
1.79456
1.76965
1.72596
1.65595
1.55257
1.41355
1.25805
1.11795
1.007
0.922421
0.85751
0.806589
0.763226
1.15735
1.82755
1.82728
1.82098
1.80333
1.76429
1.68983
1.56811
1.38069
1.16762
1.0056
0.897519
0.823659
0.77035
0.729879
0.691058
1.1255
1.83187
1.83537
1.83524
1.82707
1.79822
1.71527
1.55162
1.26724
0.971807
0.827552
0.752019
0.704849
0.671694
0.646402
0.613438
1.09059
1.82254
1.82657
1.82853
1.82633
1.81241
1.74111
1.35619
0.788816
0.609488
0.59478
0.586202
0.578433
0.570639
0.562743
0.536825
1.05483
1.79816
1.7979
1.79389
1.7827
1.75382
1.65267
1.17808
0.419691
0.286697
0.395921
0.445071
0.469735
0.482477
0.488677
0.470027
1.02022
1.75991
1.75123
1.73437
1.70179
1.63412
1.48162
1.19202
0.793804
0.471948
0.390847
0.395335
0.41164
0.425485
0.435278
0.422096
0.988127
1.71129
1.69265
1.66199
1.61079
1.52369
1.38013
1.1723
0.91292
0.665999
0.512149
0.442175
0.416667
0.409909
0.410017
0.398269
0.95893
1.65664
1.62905
1.5879
1.52646
1.43584
1.30827
1.14322
0.951991
0.764457
0.615902
0.517533
0.459638
0.427993
0.411533
0.396548
0.932283
1.59976
1.56544
1.51787
1.45259
1.36495
1.25219
1.11612
0.965237
0.815568
0.684946
0.583433
0.511058
0.462408
0.430892
0.409369
0.907551
1.54328
1.50454
1.45384
1.38844
1.30608
1.20617
1.09101
0.966679
0.842629
0.729032
0.633045
0.557106
0.499867
0.458198
0.428624
0.884091
1.48877
1.44753
1.39592
1.33236
1.2559
1.16685
1.06739
0.961826
0.856158
0.756737
0.668538
0.594173
0.533972
0.486715
0.448661
0.843435
1.41995
1.36869
1.30596
1.23089
1.14365
1.04603
0.9418
0.836336
0.735705
0.645388
0.569052
0.507996
0.461478
0.427359
0.395543
0.983469
1.49144
1.44631
1.39109
1.32513
1.24873
1.16362
1.0731
0.981774
0.894687
0.81614
0.748791
0.693347
0.648974
0.61395
0.578245
1.16669
1.67037
1.65097
1.62413
1.58831
1.54217
1.48496
1.41717
1.34096
1.26016
1.17948
1.10305
1.03352
0.971922
0.918148
0.869495
1.15495
1.69784
1.68011
1.65409
1.61751
1.56807
1.50418
1.42588
1.33595
1.24039
1.14674
1.06102
0.986141
0.922391
0.868645
0.823142
1.13734
1.72234
1.70697
1.68265
1.64603
1.59336
1.52149
1.42935
1.32039
1.20461
1.09494
1.00003
0.921924
0.858852
0.807889
0.766059
1.11376
1.74211
1.72969
1.70798
1.67226
1.61638
1.53429
1.42276
1.28568
1.1412
1.01324
0.912466
0.836533
0.77926
0.735192
0.697915
1.08481
1.75484
1.74544
1.727
1.69326
1.63393
1.53647
1.39383
1.21151
1.02677
0.88475
0.789715
0.7267
0.683094
0.651246
0.619828
1.05188
1.75784
1.7505
1.73486
1.70364
1.64102
1.51808
1.31363
1.05076
0.820042
0.690466
0.627124
0.593558
0.573214
0.559132
0.535166
1.01708
1.74873
1.74096
1.72514
1.69377
1.6274
1.47511
1.17779
0.78414
0.496253
0.429851
0.434039
0.447211
0.458055
0.465362
0.450268
0.982782
1.72643
1.71464
1.69328
1.65374
1.57424
1.39821
1.05601
0.587407
0.175357
0.146016
0.247784
0.312907
0.353986
0.380717
0.37479
0.950997
1.69199
1.67318
1.64198
1.58846
1.49171
1.3131
1.02164
0.653935
0.325502
0.164435
0.183132
0.240784
0.286774
0.319959
0.32066
0.922808
1.64838
1.62159
1.5803
1.51549
1.41264
1.25453
1.03579
0.77754
0.534142
0.365353
0.285097
0.26768
0.278323
0.296293
0.297162
0.898276
1.59931
1.5655
1.51684
1.44666
1.34681
1.21074
1.03945
0.846213
0.658246
0.505586
0.401952
0.343206
0.316654
0.309104
0.303084
0.876695
1.54806
1.5091
1.45627
1.38528
1.29191
1.17404
1.03417
0.88119
0.730202
0.597556
0.49344
0.419497
0.371661
0.343546
0.327169
0.857092
1.49693
1.45476
1.40034
1.33109
1.24502
1.14183
1.02414
0.898079
0.772716
0.657732
0.560214
0.48303
0.425509
0.38488
0.357684
0.838594
1.44733
1.40355
1.34926
1.28303
1.20404
1.11276
1.01149
0.904557
0.797774
0.697285
0.608016
0.532723
0.472003
0.424893
0.387487
0.799919
1.3815
1.32814
1.26331
1.18618
1.09696
0.997431
0.891193
0.783463
0.680203
0.586911
0.507555
0.443984
0.396005
0.361811
0.330048
0.922953
1.43208
1.38512
1.32833
1.26123
1.18424
1.0991
1.00902
0.918413
0.832068
0.754177
0.687453
0.632793
0.589573
0.556143
0.521407
1.1039
1.60479
1.58207
1.55193
1.51307
1.46453
1.40604
1.33845
1.26409
1.18654
1.10994
1.03784
0.97251
0.914836
0.86467
0.818971
1.08939
1.62837
1.60611
1.57536
1.53415
1.48079
1.41448
1.33606
1.24876
1.15804
1.07023
0.99028
0.920622
0.861477
0.811853
0.769918
1.06929
1.64891
1.62748
1.59645
1.55286
1.49386
1.41761
1.3248
1.22004
1.11218
1.01123
0.923875
0.851954
0.794052
0.747639
0.710103
1.04375
1.6649
1.64454
1.61351
1.5675
1.50161
1.41205
1.29907
1.16981
1.03939
0.924215
0.832284
0.76265
0.710588
0.67124
0.639133
1.01357
1.67446
1.65507
1.62412
1.57553
1.50103
1.39286
1.25016
1.08527
0.925673
0.798194
0.709059
0.649867
0.610371
0.583079
0.557856
0.980359
1.67554
1.65635
1.6249
1.5733
1.48878
1.35626
1.17167
0.955887
0.758903
0.625002
0.551142
0.513901
0.495305
0.485578
0.469001
0.946354
1.66639
1.64575
1.61206
1.55609
1.46119
1.30455
1.07798
0.804171
0.555158
0.412382
0.364028
0.360735
0.37139
0.384036
0.377911
0.913956
1.64631
1.62206
1.58352
1.52073
1.41575
1.24371
0.99445
0.688748
0.394056
0.2054
0.163621
0.204489
0.251049
0.28803
0.293487
0.885053
1.61619
1.58665
1.54151
1.47109
1.35975
1.18849
0.950701
0.668481
0.393331
0.175625
0.0315783
0.0899504
0.162285
0.214556
0.229481
0.860523
1.57838
1.54316
1.49184
1.41639
1.30598
1.15047
0.949521
0.720648
0.498091
0.316833
0.196435
0.14744
0.15753
0.188404
0.202417
0.840169
1.53577
1.49572
1.44022
1.36354
1.25937
1.12355
0.958496
0.776269
0.59757
0.444043
0.32899
0.256052
0.221479
0.214697
0.2156
0.82304
1.49098
1.44754
1.39016
1.3151
1.2191
1.10097
0.963646
0.815354
0.668715
0.537001
0.429458
0.349643
0.296538
0.26612
0.251603
0.807972
1.44596
1.40058
1.3431
1.27126
1.18353
1.08003
0.96349
0.839614
0.716414
0.602306
0.503767
0.424096
0.363701
0.320995
0.293104
0.793901
1.40192
1.35583
1.29946
1.23152
1.15144
1.05988
0.959147
0.853294
0.74764
0.647754
0.558194
0.481794
0.419551
0.37103
0.331742
0.757661
1.34047
1.28574
1.21992
1.14232
1.05322
0.954304
0.848876
0.741665
0.638072
0.543216
0.461047
0.393866
0.342297
0.305387
0.269422
0.864886
1.37251
1.32441
1.26704
1.20007
1.12403
1.04062
0.952792
0.864519
0.780114
0.703484
0.637317
0.582775
0.539571
0.506404
0.470343
1.04195
1.53702
1.51118
1.47811
1.4368
1.38668
1.32787
1.26155
1.18998
1.1164
1.04433
0.97676
0.915604
0.861625
0.814737
0.771169
1.02521
1.55647
1.53
1.4951
1.45025
1.39438
1.32737
1.2506
1.16734
1.08234
1.0007
0.92641
0.861559
0.806426
0.760213
0.720772
1.00336
1.57283
1.54582
1.50906
1.46026
1.39748
1.32011
1.22987
1.13149
1.03222
0.939657
0.859015
0.79205
0.737954
0.6947
0.660098
0.97672
1.58487
1.55735
1.51866
1.46537
1.39422
1.30363
1.19565
1.0774
0.960309
0.855823
0.770363
0.704323
0.654668
0.617514
0.588781
0.946256
1.5912
1.56298
1.52215
1.46385
1.38285
1.27574
1.14477
1.00062
0.861416
0.744543
0.657233
0.596683
0.556077
0.528941
0.507442
0.91365
1.59035
1.56091
1.51751
1.45385
1.36219
1.23656
1.07879
0.903272
0.736952
0.606441
0.520125
0.469993
0.443565
0.43071
0.418115
0.881138
1.58118
1.54961
1.50293
1.43369
1.33213
1.18992
1.008
0.801897
0.605039
0.455409
0.367097
0.329047
0.320952
0.32641
0.324681
0.850968
1.56333
1.52862
1.47786
1.4032
1.29426
1.14201
0.946825
0.723586
0.504662
0.329109
0.220199
0.182936
0.194536
0.222101
0.233524
0.82484
1.53755
1.49904
1.44403
1.36518
1.25334
1.10108
0.909389
0.692411
0.4767
0.289788
0.144928
0.0527655
0.0747487
0.130017
0.156208
0.803492
1.50555
1.46331
1.40492
1.32435
1.21497
1.07232
0.898725
0.706285
0.515077
0.345038
0.207304
0.106349
0.0618414
0.0903797
0.11772
0.786572
1.46945
1.42424
1.36403
1.28444
1.18136
1.05299
0.902316
0.738652
0.576131
0.429121
0.307473
0.216158
0.158625
0.136754
0.138132
0.773048
1.43125
1.38417
1.3237
1.24702
1.15189
1.03803
0.90847
0.769991
0.632227
0.505094
0.396095
0.309274
0.24609
0.206211
0.187196
0.761644
1.39247
1.34458
1.28512
1.21235
1.12528
1.02439
0.912302
0.793948
0.675929
0.565054
0.466806
0.384534
0.319538
0.271651
0.238492
0.751249
1.35413
1.30632
1.24868
1.18023
1.10066
1.01077
0.912757
0.810215
0.707746
0.610109
0.521312
0.444075
0.379709
0.328409
0.284071
0.717831
1.29807
1.24278
1.17711
1.10055
1.01347
0.917438
0.815364
0.711306
0.609855
0.515458
0.431701
0.360991
0.304531
0.262419
0.216714
0.810393
1.31408
1.26563
1.20863
1.14294
1.06918
0.988915
0.904755
0.820121
0.738745
0.664085
0.598711
0.543978
0.500014
0.465996
0.426203
0.982285
1.46916
1.44071
1.40539
1.36251
1.31185
1.25379
1.18962
1.1215
1.05224
0.984757
0.921546
0.86424
0.813555
0.769471
0.726931
0.964004
1.48463
1.45471
1.41673
1.36967
1.31296
1.24694
1.17326
1.09491
1.01583
0.940137
0.871031
0.810322
0.758439
0.714834
0.676535
0.941205
1.49706
1.46561
1.42479
1.37299
1.30915
1.23347
1.14803
1.05702
0.966146
0.881178
0.80623
0.743112
0.691553
0.650151
0.616742
0.914339
1.50554
1.47247
1.42858
1.3715
1.2994
1.21211
1.11224
1.00566
0.900649
0.805351
0.725046
0.661083
0.611974
0.574993
0.547321
0.884469
1.50905
1.47421
1.42705
1.36428
1.28303
1.18248
1.06566
0.940526
0.81882
0.712076
0.626942
0.563948
0.519758
0.48972
0.468812
0.853256
1.50665
1.46975
1.41916
1.35066
1.26019
1.14603
1.01137
0.866018
0.725463
0.605512
0.514993
0.453863
0.41648
0.395728
0.382776
0.822757
1.49765
1.45835
1.40427
1.33045
1.23197
1.10627
0.956376
0.792861
0.633616
0.498187
0.398719
0.336726
0.305699
0.295583
0.291887
0.794999
1.48195
1.43996
1.3825
1.30443
1.20051
1.06793
0.909474
0.735459
0.563434
0.412992
0.298004
0.224898
0.193331
0.192822
0.199916
0.771469
1.46014
1.41543
1.35517
1.27457
1.1689
1.03584
0.878186
0.705458
0.532828
0.376205
0.246159
0.148078
0.0915764
0.0914156
0.112245
0.75276
1.43344
1.38639
1.32437
1.2434
1.13993
1.0126
0.864387
0.703574
0.542414
0.393191
0.263769
0.15636
0.0694254
0.00635741
0.0472115
0.738509
1.40334
1.35464
1.29214
1.2129
1.11462
0.996947
0.862889
0.719207
0.575343
0.440774
0.322374
0.22353
0.145906
0.0935968
0.0765859
0.727698
1.37128
1.32178
1.26
1.18395
1.09239
0.985693
0.866597
0.740375
0.614088
0.494891
0.388381
0.298025
0.225574
0.172348
0.139457
0.719073
1.3384
1.28891
1.22874
1.15669
1.07225
0.976123
0.870708
0.760052
0.649295
0.543758
0.44783
0.364452
0.295221
0.240814
0.197221
0.711523
1.30555
1.2567
1.19873
1.13096
1.05334
0.966718
0.873087
0.775533
0.677845
0.583934
0.497171
0.419979
0.353789
0.2992
0.246554
0.681119
1.25537
1.20031
1.13579
1.06151
0.977913
0.886432
0.789544
0.690613
0.59341
0.501598
0.418209
0.345409
0.284531
0.236274
0.175187
0.76022
1.25786
1.20975
1.15394
1.09044
1.0199
0.943743
0.864182
0.784083
0.706564
0.63459
0.570468
0.515667
0.47069
0.435143
0.389507
0.925925
1.40288
1.37249
1.33575
1.29226
1.242
1.18556
1.12423
1.05993
0.995033
0.931976
0.872807
0.818972
0.771136
0.729372
0.686705
0.906783
1.4148
1.38238
1.34256
1.29467
1.23853
1.17481
1.1051
1.032
0.95875
0.88857
0.824125
0.766994
0.717716
0.67603
0.637424
0.883756
1.42385
1.38931
1.34615
1.29336
1.23054
1.1583
1.0787
0.995202
0.912191
0.834061
0.764154
0.704195
0.654404
0.613954
0.579895
0.857415
1.42938
1.3926
1.34591
1.28783
1.21757
1.13567
1.04463
0.949018
0.854783
0.767805
0.692309
0.630121
0.580914
0.543057
0.514056
0.828848
1.43071
1.39158
1.34127
1.27772
1.19964
1.10736
1.00379
0.894708
0.787878
0.691064
0.60966
0.545615
0.497904
0.46389
0.440526
0.799561
1.42723
1.38573
1.33184
1.26302
1.17741
1.07505
0.959125
0.836339
0.716211
0.608542
0.520223
0.453683
0.407501
0.377993
0.360672
0.771399
1.41863
1.37472
1.31753
1.24413
1.15223
1.04163
0.915467
0.780923
0.64855
0.529576
0.432392
0.36072
0.3139
0.287998
0.276648
0.746108
1.40492
1.35871
1.29875
1.22197
1.12598
1.01041
0.878312
0.736741
0.59611
0.46759
0.359957
0.278325
0.224706
0.197944
0.191279
0.724947
1.38658
1.33837
1.27644
1.19794
1.10066
0.984366
0.852004
0.710105
0.567981
0.435373
0.319739
0.22542
0.155637
0.115553
0.107829
0.708412
1.36444
1.31474
1.2519
1.17349
1.07782
0.964978
0.837768
0.701985
0.565498
0.436289
0.320248
0.220204
0.136579
0.0695588
0.0324479
0.696144
1.33953
1.28902
1.22635
1.14968
1.05794
0.951575
0.833203
0.70773
0.581591
0.46124
0.351611
0.255395
0.173296
0.105126
0.0512373
0.687272
1.31286
1.26223
1.20069
1.12698
1.04058
0.942188
0.834174
0.720568
0.606438
0.496956
0.396302
0.307142
0.230826
0.1681
0.114888
0.680643
1.28528
1.23514
1.17544
1.1054
1.0249
0.934773
0.837085
0.735049
0.632633
0.533854
0.442171
0.359989
0.288738
0.229209
0.171675
0.67516
1.25743
1.20827
1.15085
1.08478
1.01016
0.927861
0.839665
0.74809
0.656203
0.567122
0.483596
0.407725
0.340807
0.283585
0.220351
0.647868
1.21324
1.15908
1.09649
1.02533
0.946149
0.860191
0.769528
0.6769
0.585328
0.497771
0.416674
0.34386
0.280523
0.227352
0.148084
0.714636
1.20453
1.15736
1.10336
1.04266
0.975913
0.904357
0.829852
0.754752
0.681604
0.612879
0.550587
0.496179
0.450363
0.413163
0.360091
0.873472
1.33939
1.30778
1.27042
1.22712
1.17804
1.12382
1.06571
1.00535
0.944725
0.885842
0.830399
0.779674
0.734312
0.69447
0.650544
0.854054
1.34833
1.31439
1.27379
1.2262
1.17167
1.111
1.04567
0.977832
0.910085
0.845008
0.784783
0.730826
0.683746
0.643523
0.603212
0.831409
1.35465
1.31828
1.27425
1.22197
1.16144
1.0935
1.01997
0.943615
0.867812
0.795915
0.73062
0.673543
0.625212
0.585299
0.548873
0.806145
1.35789
1.31902
1.27141
1.21423
1.14728
1.07144
0.988873
0.903058
0.818308
0.738908
0.668215
0.608106
0.558969
0.520026
0.487673
0.779308
1.35765
1.31625
1.26508
1.20299
1.12955
1.0456
0.953619
0.857795
0.763435
0.67589
0.599333
0.535996
0.486136
0.448571
0.420333
0.752241
1.35356
1.30974
1.2552
1.18853
1.10906
1.01753
0.91663
0.811091
0.70708
0.610984
0.527851
0.460459
0.409208
0.37274
0.348228
0.726528
1.34552
1.29943
1.24194
1.17143
1.08704
0.98942
0.881293
0.767634
0.655113
0.550761
0.460303
0.387212
0.332609
0.29556
0.273456
0.703639
1.3336
1.28555
1.22576
1.15253
1.06496
0.963605
0.851137
0.732469
0.614202
0.503311
0.405616
0.325015
0.263608
0.222026
0.199043
0.684617
1.31818
1.2686
1.20734
1.13282
1.04418
0.941992
0.828829
0.709301
0.589442
0.475564
0.372884
0.284878
0.213718
0.161425
0.129778
0.669871
1.29984
1.24928
1.18752
1.11317
1.0256
0.925486
0.815224
0.698954
0.581965
0.469662
0.366395
0.274874
0.1963
0.131266
0.0778259
0.659102
1.27927
1.22837
1.16702
1.09418
1.00948
0.913718
0.809096
0.699199
0.588526
0.481607
0.382119
0.292374
0.213278
0.144656
0.075057
0.651582
1.25718
1.20651
1.14637
1.07605
0.995467
0.905459
0.808004
0.706158
0.603633
0.504193
0.410988
0.326151
0.250797
0.185288
0.114854
0.646292
1.23417
1.18423
1.1259
1.05876
0.9829
0.899204
0.809422
0.716067
0.622168
0.530782
0.44459
0.365562
0.294871
0.23317
0.161675
0.642252
1.21071
1.1619
1.10576
1.0421
0.971141
0.893739
0.811413
0.726223
0.640591
0.556995
0.477632
0.404264
0.338028
0.279614
0.205167
0.618026
1.17228
1.11955
1.05942
0.991918
0.917577
0.837514
0.753433
0.667543
0.582248
0.499906
0.422489
0.351499
0.28792
0.232296
0.136905
0.640346
1.14097
1.09933
1.05087
0.995797
0.934783
0.869031
0.800242
0.730498
0.662015
0.596894
0.536882
0.483171
0.436432
0.396752
0.33322
0.804468
1.27093
1.24225
1.20749
1.1666
1.11999
1.06854
1.01356
0.956779
0.900038
0.845088
0.793341
0.745728
0.702742
0.664433
0.617739
0.790268
1.28051
1.24887
1.21019
1.16437
1.11185
1.05368
0.991576
0.927775
0.864667
0.804468
0.748849
0.698831
0.654768
0.616486
0.573526
0.772658
1.28702
1.25218
1.20923
1.15797
1.09881
1.03303
0.962823
0.891059
0.820837
0.754956
0.695433
0.643328
0.598783
0.561292
0.522444
0.752216
1.29018
1.25198
1.20455
1.14747
1.08114
1.00703
0.927861
0.847253
0.769155
0.697111
0.633565
0.579606
0.535105
0.499137
0.464705
0.729871
1.28982
1.24829
1.19638
1.13345
1.05982
0.977135
0.888559
0.798516
0.711909
0.633138
0.565181
0.509259
0.465011
0.431019
0.401062
0.706903
1.28596
1.24129
1.18523
1.11693
1.03657
0.945854
0.848295
0.748974
0.653652
0.567562
0.494366
0.435664
0.391072
0.358815
0.33284
0.684733
1.27873
1.23136
1.17189
1.09929
1.01361
0.916497
0.811638
0.704437
0.601112
0.507501
0.427938
0.364642
0.317748
0.285654
0.262042
0.664708
1.26842
1.21901
1.1572
1.08189
0.993046
0.892242
0.783079
0.670874
0.561796
0.461727
0.375231
0.305073
0.252384
0.216743
0.191458
0.647799
1.25543
1.20477
1.14188
1.06571
0.976252
0.875016
0.765325
0.6521
0.541038
0.437503
0.345639
0.268094
0.206386
0.161494
0.125466
0.634412
1.2402
1.18911
1.12637
1.05114
0.963493
0.86487
0.758274
0.64807
0.539227
0.436409
0.343131
0.261468
0.192321
0.136031
0.0750299
0.624377
1.22317
1.17237
1.11086
1.038
0.954011
0.860262
0.759417
0.655222
0.551875
0.453349
0.362674
0.281626
0.210796
0.149898
0.0701851
0.617037
1.20473
1.15484
1.0953
1.02577
0.946563
0.858965
0.765271
0.668618
0.572499
0.480239
0.394458
0.316823
0.248041
0.188079
0.107451
0.611562
1.18525
1.13667
1.07961
1.01386
0.939899
0.858864
0.772694
0.683968
0.595531
0.510135
0.429999
0.356669
0.290971
0.233105
0.152207
0.607074
1.16503
1.11804
1.06365
1.00185
0.933107
0.858469
0.779537
0.698405
0.617365
0.538654
0.464147
0.395214
0.332706
0.276961
0.193952
0.583876
1.13117
1.08152
1.02467
0.96078
0.890482
0.814921
0.735752
0.655009
0.574867
0.497401
0.424356
0.356968
0.296003
0.241736
0.135936
)
;

boundaryField
{
    walls
    {
        type            calculated;
        value           nonuniform List<scalar> 
1536
(
0.770464
1.06229
1.04756
1.02613
0.998133
0.964107
0.925099
0.882562
0.838238
0.793904
0.751131
0.71111
0.67451
0.641612
0.612291
0.578688
1.33418
1.54167
1.54196
1.53627
1.52421
1.50562
1.48073
1.45014
1.4148
1.37591
1.33473
1.29247
1.25012
1.20847
1.16806
1.12752
1.28745
1.50828
1.50633
1.49801
1.48291
1.46099
1.43262
1.39869
1.36047
1.31942
1.27701
1.23444
1.19266
1.15228
1.11366
1.07652
1.23368
1.46858
1.46354
1.45162
1.43243
1.40607
1.37319
1.33511
1.29356
1.25038
1.20719
1.16518
1.12506
1.08714
1.05148
1.01805
1.17311
1.42254
1.41346
1.39686
1.37236
1.34027
1.30167
1.25848
1.21308
1.16782
1.1245
1.08412
1.04699
1.01291
0.981538
0.952261
1.10646
1.37052
1.3565
1.33415
1.30314
1.26402
1.21843
1.16909
1.11929
1.07201
1.02926
0.991681
0.958943
0.930169
0.904435
0.879844
1.03501
1.31337
1.29368
1.26477
1.22633
1.17917
1.12555
1.06914
1.01436
0.965059
0.923411
0.889626
0.86252
0.84032
0.821393
0.802012
0.96049
1.25239
1.2267
1.1909
1.1447
1.08914
1.02704
0.963079
0.902868
0.851266
0.81081
0.781275
0.760489
0.745637
0.734265
0.720528
0.885023
1.18929
1.15775
1.11538
1.06192
0.998535
0.92847
0.857166
0.791295
0.736819
0.696943
0.671234
0.656591
0.649114
0.645434
0.637544
0.810831
1.12591
1.08918
1.04122
0.981806
0.912166
0.835697
0.758133
0.686805
0.628705
0.588017
0.564653
0.554965
0.554021
0.55747
0.555354
0.73998
1.06401
1.02314
0.971059
0.907598
0.833986
0.753458
0.671538
0.595596
0.53323
0.48984
0.466446
0.459563
0.46349
0.472848
0.476122
0.674144
1.00501
0.961254
0.906724
0.841336
0.766237
0.684315
0.600482
0.521457
0.454752
0.406839
0.380552
0.373597
0.38006
0.393596
0.401638
0.614416
0.94987
0.904517
0.849134
0.783743
0.709396
0.628553
0.545276
0.465191
0.395014
0.341573
0.309667
0.299354
0.305543
0.32118
0.333143
0.561367
0.899147
0.853307
0.798388
0.734497
0.662607
0.584738
0.504096
0.425105
0.353205
0.294614
0.2553
0.238357
0.241122
0.256507
0.271349
0.515008
0.852962
0.807524
0.754033
0.69268
0.624337
0.550641
0.474079
0.397992
0.326479
0.264484
0.217734
0.191668
0.187565
0.200018
0.216451
0.421668
0.787415
0.747441
0.69983
0.644741
0.582889
0.515551
0.444608
0.372401
0.301544
0.23479
0.175099
0.126341
0.0947932
0.0873439
0.0954462
0.671715
0.919046
0.901807
0.87817
0.848186
0.812339
0.771626
0.72748
0.681659
0.635985
0.592099
0.551271
0.51424
0.481331
0.452445
0.425716
1.17086
1.33461
1.32571
1.3113
1.29093
1.26441
1.23201
1.19433
1.1524
1.10746
1.06084
1.01377
0.967261
0.922118
0.878877
0.837949
1.14082
1.31101
1.3015
1.28611
1.26435
1.23615
1.20187
1.1624
1.11905
1.07332
1.02667
0.980328
0.935213
0.891922
0.85081
0.811576
1.10185
1.27911
1.26811
1.25076
1.22662
1.1957
1.15866
1.11677
1.07179
1.02553
0.97959
0.935085
0.892666
0.852595
0.81491
0.777112
1.0541
1.23873
1.2252
1.20478
1.17701
1.14214
1.10122
1.05613
1.00924
0.962815
0.918535
0.877257
0.83912
0.803848
0.771063
0.734579
0.998221
1.19017
1.17308
1.1484
1.11573
1.07559
1.02957
0.980393
0.931272
0.885072
0.843534
0.807013
0.774884
0.746106
0.719722
0.684536
0.935438
1.13429
1.11274
1.08281
1.04417
0.997624
0.945433
0.891309
0.839611
0.793979
0.756169
0.725844
0.701337
0.680601
0.661967
0.628099
0.867511
1.07256
1.04599
1.01025
0.965081
0.911552
0.852577
0.792952
0.738331
0.69333
0.659841
0.636726
0.621002
0.609417
0.599489
0.566952
0.796611
1.00695
0.975269
0.933789
0.882283
0.822026
0.756453
0.691289
0.63344
0.588726
0.559487
0.543836
0.53732
0.535337
0.534503
0.503188
0.725074
0.939625
0.90329
0.856789
0.79995
0.73416
0.663099
0.592983
0.531728
0.486531
0.460639
0.451789
0.454076
0.461398
0.469406
0.439071
0.655131
0.872766
0.832656
0.78238
0.721844
0.652438
0.57773
0.503891
0.439309
0.392508
0.368333
0.364834
0.374797
0.390481
0.406508
0.376763
0.588675
0.808219
0.765467
0.712942
0.65063
0.579813
0.503687
0.427859
0.360409
0.310788
0.286186
0.286081
0.302167
0.324858
0.347698
0.318086
0.527063
0.747346
0.703172
0.649918
0.58765
0.517507
0.442173
0.366294
0.29691
0.243566
0.216141
0.21721
0.237798
0.266035
0.294303
0.264344
0.471159
0.691035
0.646536
0.593851
0.53311
0.46532
0.392613
0.318561
0.248698
0.191471
0.15882
0.158626
0.182287
0.214765
0.2471
0.21636
0.421295
0.639676
0.595754
0.544625
0.486481
0.42219
0.353403
0.282745
0.214166
0.154007
0.114153
0.109824
0.13548
0.171165
0.206328
0.174465
0.314163
0.564128
0.527377
0.483608
0.432951
0.376085
0.314251
0.24931
0.183681
0.120503
0.0657411
0.0440053
0.0743818
0.114378
0.15075
0.102064
0.598195
0.869891
0.840866
0.806166
0.76622
0.721961
0.674901
0.627032
0.580651
0.538006
0.500916
0.470462
0.446792
0.429312
0.416862
0.398896
0.992714
1.19149
1.1778
1.15957
1.13675
1.10958
1.07869
1.04501
1.00967
0.973857
0.938584
0.904616
0.872378
0.842073
0.813688
0.778814
0.959229
1.16959
1.154
1.13335
1.10759
1.07715
1.04291
1.00618
0.968538
0.931458
0.8961
0.863124
0.832755
0.804865
0.779162
0.741994
0.918616
1.14144
1.12311
1.09903
1.06922
1.03427
0.995487
0.954776
0.914324
0.876066
0.841286
0.810435
0.783293
0.759238
0.73754
0.697815
0.871118
1.10697
1.08501
1.05643
1.02126
0.980366
0.935609
0.889741
0.845848
0.806519
0.773182
0.745883
0.723651
0.70509
0.688909
0.646438
0.817468
1.06656
1.04014
1.00604
0.964281
0.915996
0.863724
0.811328
0.763173
0.722822
0.691892
0.669748
0.654298
0.64305
0.63393
0.588552
0.758955
1.02103
0.989567
0.949255
0.900026
0.843235
0.782101
0.721776
0.668334
0.626772
0.599047
0.583615
0.576786
0.574568
0.573921
0.525415
0.697386
0.971671
0.935019
0.888365
0.831514
0.765876
0.695186
0.625834
0.565861
0.522321
0.498074
0.490546
0.49384
0.501994
0.510833
0.458858
0.634952
0.920147
0.878683
0.826302
0.762639
0.688979
0.609203
0.530446
0.462538
0.415358
0.393907
0.394808
0.409171
0.428449
0.447189
0.391164
0.573965
0.868209
0.822832
0.766053
0.697357
0.617786
0.530883
0.443561
0.36651
0.312853
0.292063
0.301153
0.32699
0.35744
0.385761
0.324856
0.516573
0.817485
0.769466
0.710097
0.638824
0.556415
0.4657
0.372397
0.286173
0.222049
0.197579
0.214115
0.251573
0.29253
0.329308
0.262508
0.464509
0.769258
0.719989
0.659976
0.588735
0.506829
0.416362
0.321443
0.228864
0.150926
0.114273
0.137612
0.18707
0.236989
0.280249
0.206664
0.418866
0.724343
0.67516
0.616237
0.547265
0.468761
0.382348
0.290874
0.198362
0.110483
0.0461835
0.0764836
0.138002
0.193649
0.240401
0.159913
0.380143
0.683164
0.635133
0.57861
0.513484
0.440363
0.360661
0.276639
0.191261
0.107819
0.0309851
0.0467283
0.109572
0.164466
0.210774
0.125268
0.348193
0.645767
0.599655
0.546356
0.485975
0.419212
0.347446
0.272775
0.198145
0.127871
0.0723234
0.0647106
0.103779
0.149509
0.191235
0.105692
0.318176
0.61146
0.568373
0.518254
0.461276
0.398146
0.330131
0.259102
0.18748
0.118427
0.0587051
0.0445601
0.0867595
0.133222
0.174638
0.0970178
0.884088
1.30561
1.27968
1.24558
1.20353
1.15416
1.09866
1.03869
0.976274
0.913528
0.852436
0.794629
0.741198
0.692782
0.649515
0.574333
1.45561
1.75224
1.73631
1.71331
1.68297
1.64537
1.60104
1.55093
1.49643
1.43917
1.38084
1.32297
1.26674
1.21306
1.16246
1.10117
1.41034
1.71797
1.70058
1.67566
1.64288
1.60237
1.55476
1.50131
1.44375
1.38406
1.32416
1.26569
1.20982
1.1573
1.10845
1.05357
1.35755
1.67712
1.65758
1.62994
1.59383
1.54944
1.49766
1.4401
1.37902
1.31681
1.2557
1.19735
1.14282
1.09255
1.04658
0.998322
1.29749
1.62955
1.60706
1.5758
1.53535
1.486
1.42898
1.36646
1.30134
1.23661
1.17478
1.1175
1.06548
1.01874
0.976891
0.935565
1.23085
1.57551
1.5493
1.51353
1.46775
1.41239
1.3491
1.28077
1.21113
1.14388
1.08191
1.02667
0.978414
0.936517
0.900043
0.865979
1.15889
1.51574
1.48518
1.44423
1.39239
1.33029
1.26
1.18522
1.11069
1.04096
0.979267
0.926874
0.88339
0.847427
0.817355
0.79079
1.0833
1.45146
1.41622
1.36984
1.3118
1.24285
1.16548
1.08418
1.00464
0.93235
0.870988
0.8217
0.783424
0.753927
0.730819
0.711782
1.0062
1.38428
1.34449
1.293
1.22932
1.15429
1.07071
0.983594
0.899376
0.824354
0.76285
0.716102
0.682565
0.659256
0.642998
0.631145
0.929775
1.31606
1.27226
1.21655
1.1485
1.06903
0.981052
0.889681
0.801668
0.723864
0.661263
0.615599
0.585333
0.566993
0.556686
0.551225
0.856099
1.2486
1.2017
1.14308
1.07242
0.990698
0.900705
0.807301
0.717006
0.636718
0.571978
0.525398
0.496103
0.480648
0.47464
0.474256
0.786869
1.18344
1.13453
1.07447
1.0031
0.921382
0.83187
0.738891
0.648258
0.566357
0.498912
0.449495
0.418492
0.403219
0.399242
0.402112
0.723227
1.12172
1.07192
1.01182
0.941403
0.861632
0.774743
0.684379
0.595404
0.51332
0.4435
0.390115
0.355013
0.33702
0.332417
0.336152
0.665825
1.06417
1.01445
0.95545
0.887272
0.810854
0.728102
0.641974
0.556378
0.475774
0.404769
0.347505
0.306901
0.283672
0.275641
0.277233
0.614779
1.01111
0.962254
0.905178
0.840093
0.767872
0.690115
0.609191
0.528163
0.450511
0.379926
0.319998
0.273968
0.243988
0.230002
0.225759
0.499134
0.930461
0.888744
0.839084
0.781672
0.717247
0.647105
0.573127
0.497623
0.423106
0.352045
0.286674
0.228945
0.180688
0.143841
0.108337
0.77474
1.00449
0.996283
0.982261
0.962543
0.93761
0.908383
0.876114
0.842267
0.808291
0.775405
0.744485
0.715958
0.689965
0.666353
0.643848
1.39393
1.5603
1.57024
1.57475
1.57332
1.56563
1.55169
1.53179
1.50659
1.477
1.44405
1.4088
1.37218
1.33503
1.29798
1.26154
1.3487
1.52764
1.53481
1.53627
1.53151
1.52033
1.50288
1.47972
1.45177
1.42016
1.38605
1.3505
1.3144
1.27841
1.24301
1.20834
1.29565
1.48769
1.49118
1.48854
1.47935
1.46357
1.44163
1.41449
1.38347
1.34999
1.31533
1.28046
1.24605
1.21248
1.17995
1.14742
1.23503
1.44045
1.4392
1.43131
1.41641
1.3947
1.36708
1.33509
1.30062
1.26549
1.23107
1.19811
1.16682
1.13712
1.10887
1.07899
1.16758
1.38631
1.37935
1.36503
1.3431
1.3141
1.27951
1.2417
1.20337
1.16686
1.13358
1.10384
1.07721
1.05295
1.03037
1.00376
1.09456
1.32624
1.31272
1.29102
1.261
1.22357
1.1809
1.13636
1.09374
1.05606
1.0247
0.999391
0.97881
0.961357
0.945709
0.922997
1.01774
1.26166
1.24115
1.2116
1.17299
1.12655
1.0752
1.02339
0.976103
0.937201
0.908153
0.887999
0.874357
0.864621
0.856738
0.838501
0.939265
1.19445
1.16702
1.12983
1.08292
1.0278
0.967989
0.908914
0.856713
0.816215
0.789201
0.774133
0.767525
0.765714
0.765846
0.752462
0.861427
1.12665
1.09293
1.04897
0.994891
0.932389
0.865317
0.799678
0.742537
0.699766
0.67375
0.662739
0.662352
0.66787
0.675598
0.667211
0.786361
1.06022
1.02127
0.971974
0.91253
0.844686
0.772298
0.701467
0.639725
0.593851
0.567211
0.558427
0.562629
0.57416
0.58846
0.584949
0.715844
0.99678
0.953926
0.900999
0.838281
0.767442
0.692071
0.617907
0.552329
0.502667
0.473559
0.464699
0.471307
0.48702
0.506442
0.507502
0.651087
0.937462
0.892092
0.837239
0.773244
0.70164
0.625582
0.550082
0.481831
0.428187
0.394989
0.383656
0.390258
0.408085
0.430963
0.436146
0.592799
0.882943
0.836313
0.781
0.717382
0.646838
0.57201
0.497026
0.427565
0.37041
0.332124
0.316159
0.320345
0.338205
0.362838
0.371623
0.541142
0.833434
0.786587
0.731956
0.669947
0.60176
0.529543
0.456578
0.387417
0.327825
0.284336
0.262156
0.261701
0.277551
0.302308
0.314144
0.412696
0.747082
0.70556
0.656503
0.600116
0.537192
0.469132
0.398033
0.326621
0.258259
0.197234
0.149652
0.123986
0.124859
0.144279
0.147063
0.625723
0.795288
0.783107
0.76723
0.748206
0.726954
0.704769
0.683108
0.663364
0.64655
0.633097
0.62285
0.615157
0.609199
0.604112
0.580107
1.13498
1.26699
1.27783
1.28533
1.28921
1.28933
1.28574
1.27863
1.26838
1.2554
1.24014
1.22306
1.2045
1.18484
1.16436
1.13014
1.09497
1.23975
1.24746
1.25154
1.2518
1.24828
1.24126
1.23124
1.21881
1.20457
1.18897
1.17232
1.15483
1.13664
1.11787
1.08109
1.04785
1.20607
1.20965
1.20915
1.20454
1.19611
1.18453
1.17078
1.15586
1.14057
1.12533
1.11018
1.09498
1.07953
1.06365
1.02458
0.993821
1.16594
1.16427
1.15793
1.14697
1.1321
1.11458
1.0961
1.07828
1.06224
1.04826
1.03595
1.02455
1.01331
1.0017
0.960778
0.933563
1.11977
1.11184
1.09836
1.07958
1.05665
1.03163
1.00723
0.986018
0.969535
0.957875
0.949887
0.943928
0.93848
0.932524
0.890347
0.868314
1.06851
1.05349
1.03188
1.00405
0.971646
0.937657
0.906113
0.880886
0.864192
0.855797
0.853525
0.854532
0.856318
0.857257
0.814488
0.799825
1.01356
0.991096
0.960885
0.923409
0.88071
0.836734
0.797014
0.767054
0.750032
0.745449
0.749864
0.758911
0.768931
0.777623
0.734937
0.730234
0.956748
0.927035
0.888519
0.841692
0.788844
0.734693
0.686192
0.650668
0.632689
0.631769
0.643088
0.660519
0.679119
0.695859
0.653819
0.661805
0.899983
0.863819
0.818066
0.763161
0.701445
0.637991
0.580709
0.538734
0.518573
0.520289
0.53782
0.563149
0.589925
0.614386
0.573401
0.596658
0.845045
0.8037
0.752386
0.691465
0.62312
0.552234
0.486932
0.437719
0.413547
0.41605
0.438314
0.47033
0.504238
0.53553
0.49582
0.536531
0.793331
0.74831
0.693411
0.628919
0.556687
0.480971
0.409255
0.352397
0.321937
0.322675
0.347685
0.384748
0.424325
0.461193
0.42285
0.482574
0.745723
0.698567
0.642017
0.576307
0.502927
0.425277
0.349479
0.285391
0.246345
0.242129
0.267616
0.308004
0.351675
0.392705
0.355716
0.4354
0.702657
0.654712
0.598145
0.533161
0.460947
0.384041
0.30694
0.237343
0.188171
0.175103
0.198499
0.240657
0.287002
0.330835
0.295129
0.39504
0.664137
0.616479
0.561122
0.498279
0.428893
0.354804
0.279098
0.206947
0.148181
0.12181
0.139808
0.182483
0.230351
0.275802
0.241281
0.330301
0.617058
0.573353
0.522443
0.464507
0.400272
0.331052
0.258816
0.186217
0.117143
0.061782
0.0590938
0.102775
0.150359
0.193352
0.135775
)
;
    }
}


// ************************************************************************* //
