/*--------------------------------*- C++ -*----------------------------------*\
| =========                 |                                                 |
| \\      /  F ield         | OpenFOAM: The Open Source CFD Toolbox           |
|  \\    /   O peration     | Version:  2112                                  |
|   \\  /    A nd           | Website:  www.openfoam.com                      |
|    \\/     M anipulation  |                                                 |
\*---------------------------------------------------------------------------*/
FoamFile
{
    version     2.0;
    format      ascii;
    arch        "LSB;label=32;scalar=64";
    class       volScalarField;
    location    "0";
    object      error_c;
}
// * * * * * * * * * * * * * * * * * * * * * * * * * * * * * * * * * * * * * //

dimensions      [0 0 0 0 0 0 0];

internalField   nonuniform List<scalar> 
4096
(
1.12465
1.03939
0.957043
0.878159
0.803267
0.732873
0.667414
0.607227
0.552512
0.503312
0.459518
0.420886
0.387068
0.35765
0.33219
0.31025
1.07874
0.991772
0.907775
0.827339
0.751067
0.679537
0.613258
0.552624
0.497865
0.449027
0.405965
0.368373
0.335835
0.307857
0.283933
0.263561
1.03409
0.945523
0.859958
0.778037
0.700435
0.627812
0.560756
0.499728
0.444995
0.396599
0.354359
0.317899
0.28672
0.260247
0.237897
0.219114
0.99119
0.901194
0.814203
0.730921
0.652089
0.578453
0.510691
0.449334
0.394692
0.346806
0.305449
0.270173
0.240383
0.21542
0.194627
0.17739
0.950564
0.859365
0.771165
0.686713
0.606819
0.53231
0.463953
0.402355
0.347869
0.300534
0.260078
0.225972
0.197531
0.174009
0.154681
0.138882
0.912709
0.820613
0.731499
0.646154
0.565446
0.490276
0.421488
0.359763
0.305495
0.258723
0.219127
0.186103
0.158883
0.136647
0.118607
0.104058
0.878076
0.785454
0.695801
0.609927
0.528743
0.453202
0.384211
0.322506
0.268517
0.222278
0.183432
0.151317
0.125099
0.1039
0.086887
0.073328
0.847026
0.754307
0.664553
0.578586
0.497337
0.421785
0.352873
0.291366
0.23771
0.191938
0.153674
0.12222
0.0967021
0.0762134
0.059897
0.0470054
0.819795
0.727438
0.638057
0.552472
0.47161
0.396448
0.327928
0.266811
0.213541
0.168149
0.130256
0.099164
0.0739974
0.0538468
0.0378549
0.0252731
0.79648
0.704939
0.6164
0.531667
0.451641
0.377267
0.309446
0.248907
0.19607
0.150966
0.113232
0.0821994
0.05703
0.0368413
0.020798
0.0081648
0.777034
0.686726
0.599456
0.515997
0.437205
0.363966
0.297114
0.237315
0.184955
0.14006
0.102302
0.0710682
0.0455828
0.0250188
0.00858262
0.00443471
0.76128
0.672558
0.586912
0.505071
0.427829
0.355994
0.290315
0.231384
0.179538
0.134801
0.0968894
0.0652604
0.0392197
0.0180127
0.000905089
0.0127728
0.74895
0.662092
0.578337
0.498362
0.422889
0.352639
0.288268
0.230288
0.178988
0.134391
0.0962552
0.0641151
0.037365
0.0153332
0.00264646
0.017196
0.739714
0.654916
0.573231
0.495278
0.421703
0.35314
0.29015
0.23317
0.182443
0.13799
0.099611
0.0669128
0.0393786
0.0164216
0.0025538
0.018112
0.733217
0.650601
0.571087
0.495235
0.423613
0.356771
0.295186
0.239225
0.189092
0.144806
0.106202
0.0729542
0.0446254
0.0207097
0.000684868
0.0159575
0.729109
0.648732
0.571428
0.49769
0.428021
0.362889
0.3027
0.247759
0.198235
0.154147
0.115359
0.0816038
0.0525135
0.0276592
0.00658348
0.0111632
1.05435
0.968582
0.885736
0.806404
0.731183
0.660652
0.595318
0.535575
0.481654
0.4336
0.391271
0.354364
0.322462
0.295077
0.271702
0.251843
1.00806
0.920303
0.835497
0.754298
0.677392
0.605453
0.539088
0.478768
0.424769
0.377135
0.335677
0.300013
0.269624
0.243925
0.222322
0.204251
0.963082
0.873418
0.786706
0.703672
0.625088
0.55174
0.484348
0.423481
0.369469
0.322357
0.281897
0.247608
0.218853
0.194938
0.175175
0.158929
0.919962
0.828546
0.740055
0.655276
0.575079
0.500365
0.431981
0.370612
0.316653
0.270148
0.230781
0.197951
0.170894
0.148795
0.13087
0.116418
0.879277
0.786347
0.696293
0.609958
0.528299
0.452335
0.38305
0.32125
0.267409
0.221566
0.183326
0.151966
0.12658
0.106233
0.0900498
0.0772721
0.841601
0.747489
0.656196
0.56861
0.485758
0.408768
0.33875
0.276636
0.222973
0.177799
0.140642
0.110649
0.0867859
0.0680037
0.0533552
0.0420347
0.807444
0.712583
0.62049
0.532082
0.448443
0.370777
0.300299
0.238042
0.184616
0.140058
0.103829
0.0749694
0.0523387
0.0348068
0.0213673
0.0111824
0.777222
0.682119
0.58976
0.501075
0.417173
0.339305
0.26874
0.206566
0.153434
0.109377
0.0738126
0.0457242
0.02391
0.00719273
0.00546323
0.0149137
0.751199
0.656404
0.564365
0.476012
0.392449
0.314924
0.244706
0.182879
0.130092
0.0863762
0.0511479
0.0233878
0.00189267
0.014516
0.026875
0.0360413
0.729463
0.635523
0.54439
0.456971
0.374344
0.297705
0.228263
0.167043
0.114649
0.0711109
0.0358843
0.00800585
0.0136712
0.0302809
0.042833
0.0521686
0.711928
0.61934
0.529634
0.443684
0.362505
0.287214
0.218909
0.158509
0.106552
0.0630649
0.0275666
0.000805002
0.0230912
0.0403483
0.0535293
0.0634448
0.698354
0.607533
0.519674
0.435602
0.356258
0.282644
0.215728
0.1563
0.104818
0.0613087
0.0253638
0.00375323
0.026957
0.045194
0.0593463
0.0701793
0.688395
0.59965
0.513937
0.432023
0.354755
0.283014
0.217628
0.159258
0.108285
0.0647327
0.0282682
0.00172307
0.0260182
0.0454458
0.0607999
0.0727892
0.681641
0.595177
0.511794
0.432191
0.357117
0.28733
0.223527
0.166253
0.115818
0.0722416
0.0352589
0.00437072
0.0210751
0.0417893
0.0584694
0.0717617
0.677665
0.593598
0.512631
0.435391
0.362532
0.294699
0.232473
0.176298
0.126422
0.0828653
0.0454185
0.0136781
0.0128932
0.034897
0.0529404
0.0675998
0.676053
0.594423
0.515882
0.440987
0.370303
0.304375
0.243681
0.188583
0.139284
0.0958023
0.0579717
0.0254651
0.00215398
0.0253915
0.0447691
0.0607942
0.985809
0.89959
0.81628
0.736519
0.660974
0.590305
0.525098
0.465813
0.412718
0.365857
0.325053
0.289934
0.260004
0.234694
0.213426
0.195651
0.939097
0.850587
0.764985
0.683012
0.605441
0.533053
0.46657
0.40656
0.353355
0.306998
0.267245
0.233616
0.205478
0.182136
0.162909
0.147162
0.893733
0.802985
0.715105
0.630893
0.551235
0.47706
0.409248
0.348508
0.295257
0.249537
0.211018
0.179074
0.152913
0.131692
0.114611
0.100959
0.85032
0.757469
0.667403
0.580997
0.499255
0.423266
0.354096
0.292632
0.239399
0.194437
0.157306
0.127201
0.103138
0.0841139
0.0692084
0.0576334
0.809502
0.714784
0.622741
0.534305
0.45059
0.372848
0.302356
0.240206
0.187053
0.142937
0.107282
0.0790762
0.0571235
0.0402523
0.0274324
0.0178129
0.771924
0.675703
0.582034
0.491892
0.406479
0.327199
0.255535
0.192798
0.139786
0.0965369
0.0623286
0.0359276
0.0159279
0.00100332
0.00996864
0.017881
0.738177
0.640948
0.546164
0.454826
0.368199
0.287801
0.215289
0.152162
0.0993487
0.0568857
0.023916
0.000985416
0.0194024
0.0327774
0.0423003
0.0488923
0.708735
0.611098
0.515852
0.424005
0.336851
0.255973
0.183124
0.119914
0.0673555
0.0254812
0.00665054
0.0305809
0.0479932
0.0603984
0.0690177
0.0747853
0.683893
0.586514
0.491539
0.399974
0.313112
0.232532
0.159987
0.097083
0.0448301
0.0032603
0.0285707
0.0522056
0.0693295
0.0814547
0.0898038
0.095312
0.663735
0.567274
0.4733
0.382806
0.297051
0.217545
0.145939
0.0837252
0.0318266
0.00972694
0.0417979
0.0658167
0.083372
0.0959105
0.104626
0.110443
0.648129
0.553178
0.460848
0.372101
0.288128
0.210322
0.140156
0.0789289
0.0274282
0.0143178
0.0470408
0.0719827
0.090558
0.1041
0.113737
0.120367
0.636763
0.543802
0.453608
0.367101
0.285377
0.209673
0.141252
0.0811882
0.0301247
0.0119129
0.0455141
0.0717028
0.0916856
0.106644
0.117617
0.125463
0.629203
0.538571
0.450844
0.366875
0.28765
0.214237
0.147684
0.0888589
0.038267
0.00406792
0.0386023
0.0661566
0.0877279
0.104333
0.116902
0.126232
0.62495
0.536857
0.451775
0.370478
0.293831
0.222738
0.158056
0.100472
0.0503811
0.00780522
0.0276069
0.0564972
0.0796763
0.0979998
0.112281
0.123243
0.6235
0.538047
0.455665
0.377049
0.302943
0.234104
0.171226
0.11485
0.0652844
0.0225488
0.0136245
0.0437348
0.068435
0.0884357
0.104434
0.117075
0.624377
0.541578
0.461869
0.385862
0.314195
0.247495
0.186321
0.131103
0.0820812
0.0392743
0.00247871
0.0286992
0.0547773
0.0763418
0.0939875
0.108277
0.919618
0.833061
0.749373
0.669251
0.593432
0.522656
0.457598
0.398793
0.346549
0.300911
0.261658
0.228346
0.200389
0.177134
0.157934
0.142182
0.872499
0.783342
0.69702
0.614317
0.536097
0.463261
0.396654
0.336959
0.284577
0.23955
0.201566
0.170028
0.144179
0.123207
0.106333
0.0928623
0.826752
0.735011
0.646011
0.560624
0.479854
0.404787
0.336489
0.27585
0.223391
0.179155
0.142705
0.113237
0.0897689
0.0713
0.0569138
0.0458242
0.783032
0.68881
0.597178
0.509083
0.425664
0.348223
0.278101
0.216452
0.163979
0.120723
0.0860636
0.0589286
0.0380602
0.0222404
0.0104127
0.00171501
0.742048
0.645578
0.551497
0.460805
0.374767
0.294905
0.222876
0.160182
0.107755
0.065636
0.0329704
0.00833747
0.0098425
0.0230079
0.0323446
0.0387698
0.704528
0.6062
0.510041
0.417077
0.328669
0.246541
0.172677
0.108975
0.0566548
0.0157529
0.0148727
0.0370436
0.0526668
0.0633893
0.0704932
0.0749248
0.671145
0.571519
0.473872
0.379236
0.289024
0.205112
0.129768
0.0652634
0.0131056
0.0266692
0.0554964
0.0755734
0.0890949
0.097863
0.103215
0.106106
0.642443
0.542228
0.443888
0.348446
0.257339
0.172521
0.096424
0.0315557
0.0203848
0.0593632
0.0870105
0.105763
0.117986
0.12556
0.12985
0.131807
0.618753
0.518747
0.42063
0.325423
0.234564
0.150001
0.0741663
0.00956424
0.0421077
0.0808172
0.108197
0.126686
0.13865
0.145971
0.150017
0.151739
0.600152
0.501148
0.404168
0.310237
0.220762
0.137613
0.063052
0.000657271
0.0520128
0.0909843
0.119013
0.138302
0.15105
0.159064
0.163686
0.165873
0.58646
0.48916
0.394102
0.302303
0.215112
0.134245
0.0616733
0.000714266
0.0517096
0.0912845
0.120591
0.141459
0.155804
0.165281
0.171177
0.174446
0.577283
0.482232
0.389672
0.300588
0.216232
0.13811
0.0678663
0.00698731
0.0436083
0.0838944
0.114737
0.13757
0.153984
0.165427
0.173094
0.17791
0.572092
0.47966
0.389947
0.303882
0.222586
0.147343
0.0794737
0.0201171
0.0300438
0.0709849
0.103341
0.128202
0.146838
0.160481
0.170197
0.17686
0.570297
0.480691
0.393981
0.311018
0.232783
0.16034
0.094734
0.0368321
0.0128639
0.0543318
0.0880295
0.114778
0.135576
0.15144
0.1633
0.171952
0.571315
0.484608
0.400915
0.320995
0.245687
0.175866
0.112353
0.0558055
0.00659978
0.0352444
0.0700616
0.0984688
0.121244
0.139216
0.153178
0.163838
0.57461
0.490781
0.410024
0.333005
0.260433
0.193022
0.131418
0.0761272
0.0274321
0.0146487
0.0503613
0.0801729
0.104691
0.124586
0.140525
0.153125
0.856388
0.769657
0.685746
0.605397
0.529411
0.458613
0.393765
0.335477
0.284103
0.239688
0.201966
0.170414
0.144358
0.123063
0.105813
0.0919547
0.808941
0.719316
0.632436
0.549136
0.470368
0.397148
0.330461
0.27111
0.219573
0.175893
0.139679
0.110213
0.0865979
0.0679046
0.0532671
0.041935
0.762882
0.670334
0.580372
0.493927
0.412109
0.336167
0.267379
0.206836
0.155195
0.1125
0.0781757
0.0512156
0.0304282
0.0146468
0.00284644
0.00581817
0.718909
0.623504
0.530445
0.44073
0.355623
0.276644
0.205451
0.143546
0.0918625
0.0504408
0.0184295
0.00559049
0.0231966
0.0358248
0.0446582
0.0506114
0.677796
0.579751
0.483736
0.39078
0.302271
0.220009
0.146114
0.082657
0.0309891
0.00884994
0.0381331
0.0588518
0.0730468
0.0824385
0.0883345
0.0916825
0.640349
0.540072
0.441478
0.34558
0.253836
0.168282
0.0915379
0.0263972
0.0251974
0.0632078
0.0895016
0.106795
0.117634
0.123976
0.127201
0.128245
0.607326
0.505445
0.40494
0.306781
0.212431
0.124075
0.0447698
0.0219365
0.0734018
0.10959
0.133071
0.147321
0.155322
0.159187
0.160304
0.159566
0.579343
0.47668
0.375219
0.275888
0.180128
0.0901845
0.00936074
0.0582781
0.109561
0.144454
0.166059
0.178372
0.184628
0.187001
0.186862
0.185064
0.55677
0.454269
0.352986
0.253848
0.158292
0.0685629
0.012038
0.079448
0.130498
0.165155
0.186525
0.198604
0.204629
0.206777
0.206417
0.204407
0.539678
0.43828
0.338307
0.240722
0.146982
0.0592667
0.0193736
0.0853966
0.136166
0.171652
0.19443
0.207981
0.215294
0.218484
0.218944
0.217571
0.527835
0.428355
0.330638
0.235687
0.144951
0.0604536
0.0151926
0.0792052
0.129651
0.166502
0.191635
0.207775
0.217476
0.222702
0.224843
0.224837
0.520764
0.423817
0.329011
0.237361
0.150241
0.0694377
0.00294276
0.0648435
0.114926
0.153165
0.180845
0.199971
0.212594
0.220445
0.224842
0.226739
0.517838
0.423816
0.332278
0.244207
0.16085
0.0837089
0.0144256
0.0455163
0.0952005
0.134603
0.164592
0.186601
0.202222
0.212905
0.219843
0.223962
0.518378
0.427473
0.339321
0.254834
0.175099
0.101348
0.0348365
0.0233656
0.0726206
0.112906
0.144815
0.169374
0.18779
0.201246
0.210781
0.21725
0.521727
0.433979
0.349167
0.268106
0.191726
0.121017
0.0569389
0.000273772
0.0485258
0.0894395
0.12288
0.149586
0.170474
0.186493
0.198522
0.207325
0.527294
0.44264
0.361024
0.283161
0.209828
0.141822
0.0798784
0.0245814
0.0237412
0.0650711
0.0996989
0.12817
0.15118
0.169485
0.183817
0.194843
0.796695
0.710026
0.62612
0.545755
0.46979
0.399121
0.334592
0.276883
0.226393
0.183167
0.146892
0.116976
0.0926605
0.0731388
0.0576356
0.0454604
0.749079
0.659255
0.572079
0.488427
0.409323
0.33589
0.269239
0.2103
0.159625
0.117257
0.0827303
0.0551991
0.0336394
0.0170117
0.00437949
0.00505216
0.70286
0.609809
0.519183
0.431949
0.349305
0.272654
0.203478
0.143089
0.092287
0.051114
0.018853
0.00572359
0.0240151
0.0373401
0.0468135
0.0533201
0.658774
0.562524
0.468359
0.377301
0.290707
0.210302
0.138069
0.075907
0.0250357
0.0145039
0.0438511
0.0648232
0.0793231
0.0889925
0.0951086
0.0986124
0.617651
0.518392
0.420776
0.325812
0.234959
0.150249
0.0743044
0.00991856
0.0409648
0.0783066
0.103972
0.120677
0.130963
0.136785
0.139524
0.140109
0.580364
0.478517
0.377815
0.279187
0.184073
0.0947208
0.0144366
0.0527123
0.103552
0.138044
0.159289
0.171278
0.177241
0.17935
0.178969
0.176951
0.54775
0.444
0.340951
0.239398
0.140662
0.047015
0.0377073
0.107942
0.158684
0.189896
0.206514
0.214026
0.216199
0.215229
0.212365
0.208327
0.52049
0.415772
0.311493
0.208344
0.107519
0.0111974
0.0765667
0.149114
0.199705
0.228308
0.24159
0.246146
0.245957
0.243136
0.238805
0.233584
0.498995
0.394396
0.290252
0.187255
0.0865939
0.00955126
0.0971295
0.169483
0.219875
0.248274
0.261352
0.265702
0.265309
0.262287
0.25776
0.252348
0.48333
0.379934
0.277289
0.176187
0.0779421
0.0151795
0.0993471
0.169004
0.219151
0.249757
0.265761
0.272661
0.274224
0.272655
0.269204
0.264596
0.473212
0.371947
0.271911
0.174024
0.0797197
0.00876583
0.0881354
0.154331
0.204189
0.237681
0.257914
0.26889
0.273848
0.274967
0.273617
0.270658
0.468083
0.369623
0.272923
0.17898
0.0892398
0.00572327
0.068961
0.132033
0.181563
0.217524
0.241795
0.257103
0.266001
0.270457
0.271857
0.271142
0.467229
0.371979
0.278962
0.189186
0.103992
0.0250873
0.0455603
0.106069
0.155236
0.193036
0.220625
0.239836
0.252586
0.26053
0.264957
0.266817
0.469891
0.378021
0.288754
0.203039
0.122057
0.0471889
0.0201013
0.078523
0.127295
0.166396
0.196562
0.219038
0.235241
0.246507
0.253962
0.258504
0.475345
0.38686
0.301227
0.219306
0.142095
0.0706986
0.00620226
0.050486
0.0988373
0.138831
0.170956
0.196078
0.215241
0.229502
0.239815
0.246986
0.482956
0.397752
0.315545
0.237088
0.163217
0.094802
0.0326615
0.0225493
0.0704572
0.111044
0.144645
0.171878
0.193521
0.210402
0.223313
0.23296
0.741053
0.654744
0.571145
0.491059
0.415386
0.345074
0.281031
0.223994
0.174396
0.132281
0.0973025
0.0688086
0.0459791
0.0279504
0.013906
0.00312939
0.693496
0.603838
0.516737
0.433099
0.354002
0.280648
0.214251
0.155843
0.106042
0.0648887
0.0318531
0.00598709
0.0138401
0.0287462
0.0397245
0.0475998
0.647354
0.554232
0.46339
0.375817
0.292777
0.215783
0.146493
0.0864069
0.0364576
0.00331342
0.0337563
0.0562883
0.072484
0.0837764
0.0913452
0.0961009
0.603385
0.506793
0.412056
0.3202
0.232635
0.151237
0.0782726
0.0160143
0.0340272
0.0718117
0.0987697
0.117092
0.128968
0.136191
0.140092
0.141618
0.562458
0.462564
0.363964
0.267625
0.175009
0.0882986
0.0105512
0.0546837
0.104762
0.139646
0.1619
0.174998
0.181918
0.184767
0.184928
0.183289
0.525501
0.422724
0.320608
0.219947
0.12206
0.0292191
0.0547399
0.124254
0.174316
0.204888
0.220903
0.227851
0.229491
0.228021
0.224685
0.220203
0.493406
0.388478
0.283632
0.179421
0.0768337
0.0221775
0.113511
0.189087
0.239079
0.263453
0.271962
0.272615
0.269443
0.264326
0.25818
0.251486
0.466909
0.360854
0.254534
0.148315
0.0428749
0.0603326
0.157686
0.239557
0.28943
0.307271
0.309527
0.305761
0.299525
0.292204
0.284407
0.276428
0.446451
0.340474
0.23425
0.128144
0.0228312
0.080236
0.177438
0.259149
0.308853
0.326521
0.328601
0.324656
0.318241
0.310743
0.302771
0.294623
0.43209
0.327395
0.222836
0.11896
0.0167523
0.0818406
0.172723
0.247819
0.297311
0.321168
0.329149
0.329269
0.325564
0.319917
0.313252
0.306049
0.423502
0.321107
0.219461
0.119351
0.022089
0.0700635
0.153279
0.222004
0.27124
0.30096
0.316105
0.322173
0.322933
0.320591
0.316396
0.311075
0.420065
0.32069
0.222734
0.127151
0.0353915
0.0503724
0.127097
0.191246
0.240188
0.273898
0.294953
0.306839
0.312545
0.31419
0.313166
0.310369
0.420995
0.325047
0.231111
0.1402
0.0537085
0.026504
0.0981851
0.159079
0.207692
0.244
0.269449
0.286245
0.296592
0.302298
0.304704
0.304767
0.425469
0.333099
0.243197
0.156737
0.0749638
0.000626738
0.0683961
0.126864
0.175116
0.213132
0.24178
0.262495
0.276869
0.286352
0.292137
0.295147
0.432716
0.343895
0.25785
0.175468
0.0978069
0.0260461
0.0386209
0.0951839
0.143049
0.182197
0.213179
0.236966
0.254707
0.267538
0.276468
0.282336
0.442066
0.356654
0.274201
0.195485
0.121385
0.0528262
0.00930908
0.0643086
0.111764
0.151656
0.184357
0.21054
0.231049
0.246767
0.258528
0.267063
0.689874
0.604274
0.521347
0.441902
0.366862
0.297202
0.233865
0.177619
0.128916
0.0877986
0.0539012
0.0265403
0.00485872
0.0120354
0.0249807
0.0347066
0.642665
0.553607
0.467043
0.383896
0.305267
0.232403
0.166574
0.108871
0.0599486
0.0198497
0.0119979
0.0366001
0.0551451
0.0687957
0.0785727
0.0853165
0.596904
0.504245
0.413772
0.326486
0.243675
0.166918
0.0979713
0.0384459
0.0106419
0.0492513
0.078316
0.0993671
0.114077
0.123945
0.13018
0.133702
0.553357
0.457069
0.362494
0.270649
0.182968
0.1014
0.0283823
0.0335787
0.0827788
0.119178
0.144401
0.160877
0.170961
0.176524
0.178922
0.179096
0.512914
0.413148
0.314464
0.217787
0.124553
0.0370083
0.0415441
0.107037
0.156297
0.189284
0.209097
0.219726
0.224398
0.225281
0.223738
0.220615
0.476525
0.373703
0.27124
0.169827
0.0706535
0.0240987
0.110377
0.18152
0.230787
0.258141
0.270249
0.273699
0.27247
0.26867
0.263415
0.257321
0.445118
0.339989
0.234559
0.129189
0.0245577
0.0778819
0.174508
0.255691
0.304915
0.322144
0.323825
0.319516
0.312769
0.304966
0.296714
0.288304
0.419454
0.313092
0.206027
0.0983738
0.00967464
0.117687
0.224316
0.322363
0.371495
0.371678
0.363179
0.353129
0.342809
0.332581
0.322572
0.312826
0.399988
0.293667
0.186662
0.0790861
0.0288693
0.136775
0.243284
0.341202
0.390195
0.390232
0.381583
0.37138
0.360904
0.350522
0.34036
0.330462
0.386773
0.281766
0.176513
0.0713727
0.0329814
0.135102
0.231372
0.312168
0.360979
0.377774
0.379006
0.37424
0.36703
0.358765
0.350055
0.341196
0.379459
0.276833
0.17466
0.0736232
0.0250959
0.119324
0.205017
0.275522
0.324109
0.350749
0.362119
0.364814
0.362823
0.35826
0.35225
0.345414
0.377387
0.277884
0.179593
0.0834277
0.00918513
0.0960128
0.173763
0.238381
0.286705
0.318711
0.337508
0.347097
0.350719
0.350552
0.347967
0.34382
0.379729
0.283759
0.189665
0.0984539
0.0115445
0.0691277
0.141143
0.202008
0.250036
0.285204
0.30915
0.324319
0.333082
0.337322
0.338409
0.33729
0.385627
0.293326
0.203407
0.116858
0.0349504
0.0407534
0.108518
0.166749
0.214449
0.251598
0.279148
0.298647
0.311786
0.32008
0.324751
0.326733
0.394281
0.3056
0.219643
0.137315
0.0596984
0.0119808
0.0764722
0.132708
0.180054
0.218491
0.248611
0.271442
0.288192
0.300041
0.308026
0.313
0.405003
0.319779
0.237486
0.158916
0.08497
0.0166002
0.0452745
0.0999093
0.146878
0.186161
0.218149
0.243549
0.263239
0.278132
0.289083
0.296836
0.64343
0.558918
0.477055
0.398652
0.324626
0.255953
0.193571
0.13825
0.0904392
0.0501811
0.0171104
0.00945671
0.0303771
0.0465422
0.0587897
0.0678482
0.596896
0.50891
0.423398
0.341278
0.26365
0.191759
0.126873
0.070081
0.0220385
0.017213
0.048246
0.0720662
0.0898614
0.102794
0.111884
0.117971
0.551859
0.460255
0.370817
0.28454
0.202714
0.126914
0.0588942
0.000265163
0.0479579
0.0857345
0.113999
0.134281
0.148255
0.157418
0.162978
0.165856
0.509084
0.41383
0.320269
0.229414
0.142698
0.0620686
0.0100407
0.0711232
0.119476
0.155059
0.179498
0.195221
0.204583
0.209456
0.211194
0.210736
0.469455
0.3707
0.273007
0.177298
0.0850074
0.00162151
0.079286
0.143921
0.192352
0.224543
0.24359
0.253483
0.257451
0.257659
0.25547
0.251731
0.433921
0.332083
0.230585
0.130114
0.0318597
0.0620003
0.147414
0.217721
0.266181
0.292759
0.304122
0.306856
0.304941
0.300483
0.294599
0.287904
0.403403
0.29923
0.194736
0.0902808
0.0134589
0.115033
0.21082
0.291192
0.339633
0.356109
0.357065
0.352061
0.344647
0.336206
0.327342
0.318347
0.37866
0.273221
0.167062
0.0602936
0.0468929
0.154068
0.259885
0.357148
0.405522
0.404976
0.395776
0.385053
0.374087
0.363241
0.35264
0.342326
0.36014
0.254708
0.148576
0.0418525
0.0652722
0.172371
0.278097
0.375259
0.423522
0.422855
0.41353
0.402677
0.391578
0.380598
0.369863
0.359416
0.347891
0.243738
0.139322
0.0350001
0.0685566
0.169902
0.265421
0.34549
0.393599
0.409718
0.4103
0.404908
0.397098
0.388257
0.378994
0.369604
0.341557
0.239748
0.138375
0.0381209
0.0598355
0.153322
0.238296
0.308106
0.35602
0.382012
0.392758
0.394853
0.392285
0.387169
0.380627
0.373279
0.340474
0.241749
0.14422
0.0488
0.0430862
0.129207
0.206271
0.270225
0.317908
0.349295
0.367495
0.37651
0.37958
0.378881
0.375786
0.371147
0.343808
0.248575
0.155205
0.0647
0.0215197
0.101521
0.172884
0.233118
0.280536
0.315113
0.338491
0.353112
0.361347
0.36508
0.365676
0.364085
0.350695
0.259089
0.169853
0.0839723
0.00271669
0.0723521
0.1395
0.197132
0.244254
0.280843
0.307852
0.32683
0.339466
0.347274
0.351476
0.353004
0.360328
0.2723
0.186986
0.105286
0.0282841
0.0427966
0.106706
0.162377
0.209176
0.247082
0.27669
0.299026
0.315297
0.326683
0.334219
0.338759
0.372013
0.287402
0.20571
0.12773
0.0543597
0.0134481
0.0747757
0.128879
0.175331
0.214114
0.245618
0.270548
0.289784
0.304236
0.314759
0.322095
0.601839
0.518785
0.438377
0.361409
0.288774
0.221415
0.160235
0.105966
0.0590407
0.0195005
0.0130025
0.0391191
0.0596689
0.0755141
0.0874687
0.0962464
0.556308
0.469862
0.385909
0.305348
0.229249
0.158807
0.0952328
0.0395555
0.00761134
0.0462269
0.0768229
0.100347
0.117929
0.130685
0.139606
0.145514
0.512342
0.42238
0.334633
0.250087
0.169994
0.0958641
0.0293501
0.0280522
0.0754121
0.11269
0.140736
0.160967
0.174958
0.184139
0.189688
0.192512
0.470689
0.377194
0.285492
0.196602
0.111928
0.0333365
0.0369071
0.0965352
0.144039
0.179381
0.203991
0.22006
0.229776
0.234932
0.236854
0.236488
0.432208
0.335339
0.239706
0.146265
0.0564719
0.0274952
0.102585
0.16525
0.21285
0.245348
0.265309
0.276206
0.281017
0.281846
0.280074
0.276587
0.397814
0.297985
0.198757
0.100918
0.00578036
0.0843899
0.165761
0.232773
0.280421
0.30867
0.322453
0.327256
0.326843
0.323406
0.318187
0.311904
0.368389
0.26632
0.164278
0.0628046
0.0371145
0.133534
0.222356
0.295503
0.343153
0.365272
0.371613
0.370186
0.365019
0.35799
0.350015
0.341569
0.344653
0.241362
0.137752
0.034181
0.0686788
0.16938
0.264304
0.343827
0.391433
0.407092
0.40725
0.40147
0.393302
0.38413
0.374559
0.364881
0.327032
0.223717
0.120104
0.0165489
0.0862777
0.186929
0.281791
0.361237
0.408757
0.42432
0.424375
0.418486
0.410206
0.400919
0.391233
0.38144
0.315567
0.213427
0.111374
0.00994624
0.089875
0.186149
0.274783
0.347704
0.395096
0.41693
0.422964
0.421213
0.415712
0.408341
0.400021
0.391231
0.309917
0.209965
0.110714
0.0129464
0.0820337
0.171968
0.253031
0.319674
0.366899
0.39468
0.407958
0.412231
0.411266
0.407266
0.40148
0.394628
0.309445
0.212395
0.11672
0.0233674
0.0662178
0.149867
0.22454
0.286703
0.333725
0.365582
0.384853
0.395021
0.399075
0.39913
0.396577
0.392307
0.313346
0.219604
0.127831
0.0390352
0.0453928
0.123597
0.193329
0.252335
0.299121
0.333665
0.357412
0.372569
0.381337
0.385522
0.386462
0.385111
0.320781
0.230494
0.142634
0.0581732
0.0216493
0.0953403
0.161264
0.217942
0.264463
0.300804
0.327834
0.346988
0.359858
0.367888
0.37227
0.373922
0.330961
0.244097
0.159973
0.0794727
0.00364858
0.066322
0.129248
0.184121
0.230349
0.267911
0.29736
0.319665
0.335973
0.347419
0.355009
0.359576
0.343199
0.259618
0.178964
0.102011
0.0296346
0.037243
0.0977417
0.151151
0.197062
0.235457
0.266708
0.291487
0.310636
0.325035
0.335516
0.342805
0.565062
0.483798
0.405192
0.330005
0.259087
0.193322
0.133548
0.0804377
0.0343871
0.00456317
0.0367253
0.0626932
0.0832217
0.0991165
0.111148
0.120003
0.520834
0.436343
0.354394
0.275851
0.201724
0.133128
0.0711656
0.0167605
0.0295393
0.0676935
0.0981693
0.121812
0.139643
0.1527
0.161916
0.16808
0.47825
0.390443
0.304957
0.222746
0.144997
0.073101
0.00853397
0.0473993
0.093902
0.130935
0.159217
0.179974
0.194604
0.204424
0.210544
0.213843
0.438029
0.34692
0.257794
0.171659
0.0898623
0.0141175
0.0535995
0.111396
0.158055
0.19354
0.218989
0.236221
0.247136
0.253373
0.256205
0.256568
0.400986
0.30675
0.214056
0.123902
0.0377346
0.0424231
0.113956
0.174078
0.220848
0.25423
0.276089
0.289141
0.295927
0.298398
0.297929
0.295446
0.367975
0.271018
0.175109
0.0811629
0.0093887
0.0943088
0.170299
0.233296
0.280131
0.310769
0.328308
0.336741
0.339295
0.33814
0.334635
0.329627
0.339809
0.240804
0.142404
0.0453955
0.0489139
0.138261
0.218816
0.285023
0.331879
0.35935
0.372371
0.376432
0.375295
0.371155
0.365255
0.358311
0.317148
0.217017
0.117233
0.0184776
0.0780686
0.170232
0.253967
0.322618
0.369452
0.394434
0.404237
0.405452
0.402058
0.396167
0.388894
0.380854
0.300377
0.200195
0.100382
0.0016159
0.0949225
0.187062
0.270757
0.339356
0.386125
0.411034
0.420755
0.42188
0.418394
0.412406
0.405034
0.396895
0.289532
0.190375
0.0918853
0.00515586
0.0994435
0.188719
0.269159
0.33521
0.381875
0.409125
0.421902
0.425699
0.424284
0.419856
0.413662
0.40642
0.284304
0.18709
0.0910264
0.00297767
0.0934984
0.178305
0.254108
0.316851
0.363375
0.393652
0.410791
0.418791
0.420888
0.419259
0.415269
0.409771
0.284105
0.189502
0.0965834
0.00633794
0.0797974
0.159808
0.231091
0.290871
0.337218
0.370109
0.391422
0.403882
0.410041
0.411861
0.410726
0.407568
0.288192
0.196599
0.107168
0.0208982
0.060875
0.136451
0.203868
0.261246
0.307385
0.342262
0.367031
0.383525
0.393657
0.39908
0.401076
0.400591
0.295776
0.207357
0.121476
0.0390754
0.0386733
0.110393
0.174625
0.230081
0.275982
0.312307
0.339793
0.359683
0.373391
0.382248
0.387377
0.389668
0.306103
0.220862
0.138414
0.0596104
0.0145549
0.0829847
0.144596
0.198484
0.244121
0.281488
0.311072
0.333738
0.350527
0.362492
0.370581
0.375595
0.318511
0.236343
0.157118
0.0815827
0.0105677
0.0550613
0.11449
0.167065
0.212415
0.250522
0.28172
0.306625
0.326014
0.340708
0.351497
0.359077
0.532919
0.453715
0.377184
0.304046
0.235089
0.171122
0.112897
0.0610147
0.0158242
0.0226345
0.0546289
0.0806805
0.101462
0.117705
0.13012
0.139352
0.490236
0.408036
0.328433
0.252245
0.180408
0.113923
0.0537639
0.000726207
0.044719
0.0825322
0.113105
0.137156
0.155579
0.169301
0.179181
0.185962
0.449282
0.364033
0.281227
0.201774
0.126767
0.0574452
0.00492795
0.0592684
0.104924
0.141857
0.170642
0.192286
0.207977
0.218879
0.22601
0.230209
0.410734
0.322482
0.236435
0.153571
0.0751392
0.00264488
0.0622634
0.118093
0.163916
0.199694
0.226282
0.245097
0.257715
0.265567
0.26983
0.271411
0.375341
0.284283
0.195117
0.108853
0.0268626
0.0490664
0.116825
0.17435
0.220296
0.254626
0.278615
0.294253
0.303578
0.308307
0.309741
0.308819
0.343883
0.250407
0.15848
0.0690954
0.0163029
0.0956936
0.166465
0.225832
0.271858
0.304507
0.325648
0.337996
0.344095
0.345897
0.344777
0.34166
0.317088
0.221804
0.127766
0.0359253
0.05227
0.134647
0.208158
0.269264
0.315327
0.346314
0.364795
0.374245
0.377645
0.377102
0.373998
0.369217
0.295537
0.199252
0.104041
0.0108176
0.078993
0.163157
0.23838
0.300604
0.346663
0.376525
0.393293
0.400963
0.402765
0.40087
0.39664
0.390923
0.279567
0.183208
0.0879444
0.00531253
0.095138
0.1793
0.254505
0.316698
0.362713
0.39252
0.409225
0.416825
0.418551
0.416575
0.412262
0.40646
0.269211
0.173704
0.0795064
0.0124355
0.100677
0.183048
0.256508
0.317521
0.363454
0.39428
0.412573
0.421815
0.424988
0.424206
0.420854
0.415819
0.264197
0.170347
0.0781492
0.0114078
0.0968871
0.176274
0.246965
0.306183
0.351998
0.384385
0.405219
0.417225
0.422952
0.424362
0.422833
0.419299
0.264006
0.172419
0.0828665
0.00364768
0.0857608
0.161695
0.229352
0.28668
0.332344
0.366319
0.389891
0.405062
0.41388
0.418071
0.418945
0.417448
0.267973
0.17903
0.0924738
0.00927334
0.0693328
0.141852
0.206649
0.262245
0.307726
0.343069
0.369143
0.387379
0.399365
0.406545
0.410107
0.410966
0.275376
0.189265
0.105816
0.02593
0.0493145
0.118694
0.18096
0.235045
0.280315
0.316748
0.344936
0.365904
0.380855
0.390966
0.397269
0.400611
0.285517
0.202274
0.121885
0.0451534
0.0270003
0.0935907
0.153664
0.206442
0.251474
0.288742
0.318655
0.341951
0.359544
0.372373
0.381313
0.387119
0.297767
0.217329
0.139854
0.0660468
0.00332187
0.0674617
0.125641
0.17728
0.222053
0.25994
0.291233
0.316473
0.336353
0.351621
0.363004
0.371157
0.505121
0.428174
0.353908
0.282994
0.216149
0.154096
0.0974962
0.0468707
0.00252252
0.0355089
0.067447
0.0937355
0.114957
0.13176
0.144784
0.154627
0.464164
0.384481
0.307448
0.233822
0.164449
0.100209
0.0419345
0.00970177
0.0543083
0.0918463
0.12263
0.147255
0.166477
0.181103
0.191904
0.199564
0.425009
0.342579
0.262708
0.186243
0.114164
0.0475425
0.0125699
0.0652957
0.110119
0.147002
0.176385
0.19907
0.216036
0.228278
0.236706
0.242096
0.388283
0.303185
0.220496
0.141139
0.0662337
0.00293595
0.0650434
0.118943
0.163941
0.200001
0.227744
0.248241
0.262747
0.272474
0.278472
0.281592
0.354668
0.267107
0.181758
0.0995971
0.0218711
0.0499176
0.114123
0.169254
0.214386
0.249482
0.275398
0.293554
0.305526
0.312746
0.316393
0.317373
0.324854
0.235195
0.147534
0.0628718
0.0174494
0.0917216
0.157974
0.214318
0.259541
0.293611
0.31767
0.333539
0.343122
0.348058
0.349623
0.348751
0.299476
0.208258
0.118851
0.0322656
0.0501049
0.126399
0.194362
0.251732
0.297008
0.330156
0.352615
0.366578
0.374238
0.37739
0.377363
0.375102
0.279035
0.186945
0.0965674
0.00890437
0.0746241
0.152082
0.221045
0.279018
0.324306
0.356878
0.378367
0.391206
0.397758
0.399895
0.398975
0.395937
0.263818
0.171634
0.0811832
0.00653312
0.0900962
0.167571
0.236536
0.294496
0.339758
0.372294
0.393737
0.406522
0.413013
0.415085
0.414096
0.410986
0.253854
0.162352
0.0727252
0.0140212
0.0964967
0.172844
0.240813
0.298146
0.343346
0.376387
0.398709
0.412513
0.419994
0.422952
0.422719
0.420243
0.248911
0.158778
0.0707462
0.0141875
0.0946877
0.169053
0.235319
0.291607
0.336711
0.370606
0.394444
0.410052
0.419342
0.42396
0.425187
0.423962
0.248545
0.160314
0.0744403
0.00810852
0.0860936
0.158022
0.222258
0.27732
0.322296
0.357159
0.382777
0.400579
0.412152
0.418938
0.422122
0.422616
0.252173
0.166205
0.0828296
0.00296087
0.0722923
0.141658
0.203821
0.257651
0.302467
0.338247
0.365625
0.385687
0.3997
0.408887
0.414307
0.416818
0.259154
0.175647
0.0949205
0.0178099
0.0547157
0.121601
0.181808
0.234476
0.279105
0.315675
0.344642
0.366825
0.383217
0.394826
0.402573
0.407243
0.268853
0.187877
0.109809
0.0353934
0.0345397
0.0991249
0.157548
0.209154
0.253572
0.290781
0.321114
0.345186
0.36377
0.377685
0.387716
0.394559
0.280685
0.202218
0.126726
0.0548642
0.012668
0.0751646
0.131985
0.182627
0.22681
0.264516
0.295989
0.321693
0.342229
0.358262
0.370446
0.379389
0.481314
0.406738
0.334843
0.266239
0.20157
0.141472
0.0865137
0.0371423
0.00638399
0.0440264
0.075966
0.102573
0.124341
0.14183
0.155612
0.166224
0.442186
0.36515
0.290796
0.219818
0.15296
0.0909841
0.0345947
0.0156551
0.0594417
0.096727
0.127759
0.153016
0.173127
0.188781
0.20065
0.209357
0.404921
0.325445
0.248616
0.175202
0.106067
0.0421162
0.0157869
0.0669461
0.110954
0.147772
0.177736
0.201468
0.219758
0.233441
0.243307
0.250056
0.370088
0.288276
0.209031
0.133199
0.0617592
0.00422198
0.0636939
0.115781
0.15997
0.196225
0.224987
0.24706
0.263425
0.275077
0.282927
0.287749
0.338294
0.254353
0.172871
0.0947547
0.0210922
0.0468841
0.107914
0.160918
0.205249
0.240872
0.268364
0.288737
0.303182
0.312862
0.318799
0.32183
0.310142
0.224404
0.14101
0.0609057
0.0147303
0.0845133
0.146975
0.200818
0.245252
0.280243
0.306514
0.325298
0.337995
0.345925
0.350199
0.351697
0.286175
0.199109
0.114285
0.0326769
0.044473
0.115666
0.179259
0.233765
0.278263
0.312721
0.337996
0.355511
0.366846
0.373434
0.376455
0.376818
0.266815
0.178997
0.0933712
0.0109225
0.0670772
0.139064
0.203297
0.258179
0.302703
0.336842
0.361536
0.378325
0.388887
0.394725
0.397049
0.39678
0.252304
0.164374
0.078658
0.00386109
0.0819124
0.153933
0.218185
0.27307
0.317586
0.351703
0.376367
0.393117
0.403633
0.409419
0.411687
0.411358
0.242664
0.155264
0.0701685
0.0116519
0.0889578
0.160255
0.223904
0.278423
0.322894
0.357291
0.382476
0.399876
0.411075
0.41751
0.420364
0.420548
0.237706
0.151408
0.0675586
0.0129024
0.0888021
0.158762
0.221322
0.27519
0.319585
0.35448
0.380606
0.399203
0.411679
0.419358
0.423357
0.424561
0.237052
0.152323
0.0701981
0.00842414
0.0824635
0.150696
0.211872
0.264921
0.309208
0.344707
0.372007
0.392129
0.406274
0.415613
0.421174
0.423801
0.240206
0.157374
0.0772928
0.000798878
0.0711389
0.137464
0.197139
0.249301
0.29345
0.329564
0.358096
0.379865
0.395861
0.407091
0.414473
0.418791
0.246607
0.165873
0.0880066
0.0137666
0.0559963
0.120389
0.178564
0.22984
0.273825
0.310498
0.340208
0.363594
0.38146
0.394651
0.403969
0.410123
0.255688
0.177149
0.101548
0.0295687
0.0380584
0.100588
0.157332
0.207754
0.251551
0.288701
0.319471
0.344356
0.364001
0.379109
0.390363
0.398395
0.266915
0.190581
0.11722
0.0474289
0.0181651
0.0789429
0.134354
0.183971
0.227557
0.265093
0.29678
0.323006
0.344284
0.361188
0.374302
0.384174
0.461104
0.388948
0.319453
0.253172
0.190672
0.132506
0.0791618
0.0310165
0.0117103
0.0489808
0.0809389
0.107888
0.13024
0.148476
0.16309
0.174565
0.423847
0.349499
0.277842
0.209496
0.145115
0.0853482
0.030783
0.0181258
0.0611136
0.0981433
0.129405
0.155281
0.176286
0.192996
0.205993
0.21583
0.388494
0.312
0.238199
0.167782
0.101493
0.04009
0.0157237
0.0653972
0.108609
0.145322
0.175786
0.200482
0.220038
0.235145
0.246476
0.254652
0.355555
0.277031
0.201176
0.128746
0.0605782
0.00244865
0.0595073
0.109929
0.153327
0.189665
0.219261
0.242714
0.26078
0.27427
0.283953
0.290516
0.32556
0.245209
0.167483
0.0931929
0.0232668
0.0413001
0.0995419
0.150668
0.194215
0.230147
0.258862
0.281082
0.297706
0.30966
0.317808
0.322892
0.299032
0.217152
0.137846
0.0619707
0.00947567
0.0753875
0.134672
0.186413
0.230071
0.265614
0.293514
0.314624
0.32997
0.340592
0.347426
0.35126
0.276426
0.193419
0.112942
0.0358803
0.0367091
0.103643
0.163723
0.215931
0.259665
0.294892
0.322153
0.342403
0.356777
0.366396
0.372253
0.375171
0.258098
0.174441
0.0932971
0.0155669
0.0576657
0.125173
0.185699
0.23817
0.281943
0.316988
0.343887
0.363656
0.377488
0.386552
0.39187
0.39428
0.244244
0.160463
0.0792138
0.00139879
0.0719
0.139456
0.200015
0.252504
0.296282
0.33132
0.358203
0.377946
0.391746
0.40077
0.406043
0.408404
0.234887
0.151503
0.0707116
0.00660532
0.0793942
0.146476
0.206655
0.258919
0.302669
0.337878
0.36509
0.385265
0.399541
0.409044
0.414769
0.417539
0.229868
0.147359
0.0675275
0.00877656
0.0805587
0.14672
0.206174
0.258012
0.301702
0.337219
0.365043
0.386032
0.40122
0.411652
0.418268
0.421861
0.228875
0.147639
0.0691714
0.00572427
0.0761272
0.141051
0.199539
0.25081
0.294411
0.330316
0.358933
0.380994
0.397406
0.409103
0.416954
0.421708
0.231488
0.15182
0.075004
0.00178459
0.0670075
0.130506
0.187895
0.238519
0.282002
0.318322
0.347808
0.371072
0.388882
0.402055
0.411372
0.417523
0.237222
0.15932
0.084331
0.012935
0.0541354
0.116135
0.172374
0.222316
0.265656
0.302371
0.332726
0.357215
0.376481
0.391224
0.402127
0.409818
0.24558
0.169554
0.0964742
0.0269496
0.0383795
0.0988787
0.153977
0.203236
0.246408
0.283474
0.314641
0.340307
0.361001
0.377311
0.389832
0.399121
0.25608
0.181969
0.110808
0.0431382
0.0204891
0.0795363
0.133536
0.182127
0.225111
0.262468
0.294362
0.321113
0.343149
0.360964
0.375066
0.385943
0.444096
0.374348
0.307225
0.24322
0.182833
0.126537
0.0747499
0.0277873
0.0141642
0.0510676
0.0830357
0.110313
0.133241
0.152224
0.167692
0.180066
0.408699
0.337009
0.267993
0.202201
0.140198
0.0825382
0.0297037
0.0179283
0.0601403
0.096896
0.128341
0.154779
0.176625
0.194358
0.208474
0.219456
0.375226
0.301657
0.230792
0.163239
0.0996352
0.0406142
0.0132592
0.0615418
0.103979
0.140535
0.171395
0.19693
0.217637
0.234078
0.246824
0.256413
0.344126
0.268802
0.196192
0.126961
0.0618179
0.00148093
0.0533958
0.102296
0.144923
0.181242
0.211481
0.236088
0.25565
0.270815
0.282227
0.290481
0.315865
0.238974
0.164796
0.0940429
0.0274918
0.0340563
0.0898577
0.139319
0.1821
0.218167
0.247795
0.271509
0.289987
0.303964
0.314151
0.321195
0.290883
0.212693
0.137206
0.0651719
0.00257221
0.0651524
0.121744
0.171682
0.214582
0.250412
0.279491
0.302422
0.319963
0.332925
0.342081
0.348115
0.269566
0.190414
0.113959
0.0409749
0.0276572
0.0910089
0.148192
0.198485
0.24147
0.277114
0.305776
0.328115
0.344956
0.357168
0.365566
0.370863
0.252205
0.172489
0.0954715
0.0219436
0.0471938
0.110984
0.168503
0.218998
0.262032
0.297577
0.32601
0.348023
0.364481
0.376281
0.384264
0.389156
0.238964
0.159111
0.0819779
0.00835327
0.0608624
0.124714
0.182278
0.232803
0.275855
0.311406
0.339834
0.361834
0.378271
0.390042
0.39799
0.402843
0.229861
0.150299
0.073494
0.000219584
0.0686483
0.132184
0.189504
0.239891
0.282929
0.318592
0.347242
0.369541
0.386319
0.398447
0.406743
0.411922
0.224765
0.14589
0.0698194
0.00270199
0.070842
0.133733
0.190556
0.240654
0.283647
0.319512
0.348576
0.371444
0.388884
0.40171
0.410699
0.41654
0.22342
0.145567
0.0705674
0.000873348
0.0679849
0.129975
0.186108
0.235801
0.278722
0.314847
0.34446
0.368096
0.386441
0.400235
0.410196
0.416974
0.225471
0.148904
0.0752307
0.00510685
0.0607671
0.121684
0.177
0.226211
0.269032
0.305441
0.335677
0.360199
0.379603
0.394546
0.405679
0.413603
0.230508
0.155412
0.0832363
0.0145779
0.0499351
0.109683
0.164113
0.212796
0.255493
0.292181
0.323059
0.348512
0.369047
0.385237
0.397661
0.406862
0.238094
0.164587
0.0940048
0.0268875
0.036212
0.0947562
0.148276
0.196411
0.23896
0.275903
0.3074
0.333771
0.355443
0.372907
0.386668
0.397215
0.247801
0.175941
0.10699
0.0414299
0.0202538
0.0776024
0.130217
0.177799
0.220179
0.257339
0.289409
0.316648
0.339415
0.358123
0.373214
0.385116
)
;

boundaryField
{
    walls
    {
        type            calculated;
        value           nonuniform List<scalar> 
1536
(
0.729109
0.676053
0.624377
0.57461
0.527294
0.482956
0.442066
0.405003
0.372013
0.343199
0.318511
0.297767
0.280685
0.266915
0.25608
0.247801
0.648732
0.594423
0.541578
0.490781
0.44264
0.397752
0.356654
0.319779
0.287402
0.259618
0.236343
0.217329
0.202218
0.190581
0.181969
0.175941
0.571428
0.515882
0.461869
0.410024
0.361024
0.315545
0.274201
0.237486
0.20571
0.178964
0.157118
0.139854
0.126726
0.11722
0.110808
0.10699
0.49769
0.440987
0.385862
0.333005
0.283161
0.237088
0.195485
0.158916
0.12773
0.102011
0.0815827
0.0660468
0.0548642
0.0474289
0.0431382
0.0414299
0.428021
0.370303
0.314195
0.260433
0.209828
0.163217
0.121385
0.08497
0.0543597
0.0296346
0.0105677
0.00332187
0.012668
0.0181651
0.0204891
0.0202538
0.362889
0.304375
0.247495
0.193022
0.141822
0.094802
0.0528262
0.0166002
0.0134481
0.037243
0.0550613
0.0674617
0.0751646
0.0789429
0.0795363
0.0776024
0.3027
0.243681
0.186321
0.131418
0.0798784
0.0326615
0.00930908
0.0452745
0.0747757
0.0977417
0.11449
0.125641
0.131985
0.134354
0.133536
0.130217
0.247759
0.188583
0.131103
0.0761272
0.0245814
0.0225493
0.0643086
0.0999093
0.128879
0.151151
0.167065
0.17728
0.182627
0.183971
0.182127
0.177799
0.198235
0.139284
0.0820812
0.0274321
0.0237412
0.0704572
0.111764
0.146878
0.175331
0.197062
0.212415
0.222053
0.22681
0.227557
0.225111
0.220179
0.154147
0.0958023
0.0392743
0.0146487
0.0650711
0.111044
0.151656
0.186161
0.214114
0.235457
0.250522
0.25994
0.264516
0.265093
0.262468
0.257339
0.115359
0.0579717
0.00247871
0.0503613
0.0996989
0.144645
0.184357
0.218149
0.245618
0.266708
0.28172
0.291233
0.295989
0.29678
0.294362
0.289409
0.0816038
0.0254651
0.0286992
0.0801729
0.12817
0.171878
0.21054
0.243549
0.270548
0.291487
0.306625
0.316473
0.321693
0.323006
0.321113
0.316648
0.0525135
0.00215398
0.0547773
0.104691
0.15118
0.193521
0.231049
0.263239
0.289784
0.310636
0.326014
0.336353
0.342229
0.344284
0.343149
0.339415
0.0276592
0.0253915
0.0763418
0.124586
0.169485
0.210402
0.246767
0.278132
0.304236
0.325035
0.340708
0.351621
0.358262
0.361188
0.360964
0.358123
0.00658348
0.0447691
0.0939875
0.140525
0.183817
0.223313
0.258528
0.289083
0.314759
0.335516
0.351497
0.363004
0.370446
0.374302
0.375066
0.373214
0.0111632
0.0607942
0.108277
0.153125
0.194843
0.23296
0.267063
0.296836
0.322095
0.342805
0.359077
0.371157
0.379389
0.384174
0.385943
0.385116
1.12465
1.07874
1.03409
0.99119
0.950564
0.912709
0.878076
0.847026
0.819795
0.79648
0.777034
0.76128
0.74895
0.739714
0.733217
0.729109
1.05435
1.00806
0.963082
0.919962
0.879277
0.841601
0.807444
0.777222
0.751199
0.729463
0.711928
0.698354
0.688395
0.681641
0.677665
0.676053
0.985809
0.939097
0.893733
0.85032
0.809502
0.771924
0.738177
0.708735
0.683893
0.663735
0.648129
0.636763
0.629203
0.62495
0.6235
0.624377
0.919618
0.872499
0.826752
0.783032
0.742048
0.704528
0.671145
0.642443
0.618753
0.600152
0.58646
0.577283
0.572092
0.570297
0.571315
0.57461
0.856388
0.808941
0.762882
0.718909
0.677796
0.640349
0.607326
0.579343
0.55677
0.539678
0.527835
0.520764
0.517838
0.518378
0.521727
0.527294
0.796695
0.749079
0.70286
0.658774
0.617651
0.580364
0.54775
0.52049
0.498995
0.48333
0.473212
0.468083
0.467229
0.469891
0.475345
0.482956
0.741053
0.693496
0.647354
0.603385
0.562458
0.525501
0.493406
0.466909
0.446451
0.43209
0.423502
0.420065
0.420995
0.425469
0.432716
0.442066
0.689874
0.642665
0.596904
0.553357
0.512914
0.476525
0.445118
0.419454
0.399988
0.386773
0.379459
0.377387
0.379729
0.385627
0.394281
0.405003
0.64343
0.596896
0.551859
0.509084
0.469455
0.433921
0.403403
0.37866
0.36014
0.347891
0.341557
0.340474
0.343808
0.350695
0.360328
0.372013
0.601839
0.556308
0.512342
0.470689
0.432208
0.397814
0.368389
0.344653
0.327032
0.315567
0.309917
0.309445
0.313346
0.320781
0.330961
0.343199
0.565062
0.520834
0.47825
0.438029
0.400986
0.367975
0.339809
0.317148
0.300377
0.289532
0.284304
0.284105
0.288192
0.295776
0.306103
0.318511
0.532919
0.490236
0.449282
0.410734
0.375341
0.343883
0.317088
0.295537
0.279567
0.269211
0.264197
0.264006
0.267973
0.275376
0.285517
0.297767
0.505121
0.464164
0.425009
0.388283
0.354668
0.324854
0.299476
0.279035
0.263818
0.253854
0.248911
0.248545
0.252173
0.259154
0.268853
0.280685
0.481314
0.442186
0.404921
0.370088
0.338294
0.310142
0.286175
0.266815
0.252304
0.242664
0.237706
0.237052
0.240206
0.246607
0.255688
0.266915
0.461104
0.423847
0.388494
0.355555
0.32556
0.299032
0.276426
0.258098
0.244244
0.234887
0.229868
0.228875
0.231488
0.237222
0.24558
0.25608
0.444096
0.408699
0.375226
0.344126
0.315865
0.290883
0.269566
0.252205
0.238964
0.229861
0.224765
0.22342
0.225471
0.230508
0.238094
0.247801
0.31025
0.263561
0.219114
0.17739
0.138882
0.104058
0.073328
0.0470054
0.0252731
0.0081648
0.00443471
0.0127728
0.017196
0.018112
0.0159575
0.0111632
0.251843
0.204251
0.158929
0.116418
0.0772721
0.0420347
0.0111824
0.0149137
0.0360413
0.0521686
0.0634448
0.0701793
0.0727892
0.0717617
0.0675998
0.0607942
0.195651
0.147162
0.100959
0.0576334
0.0178129
0.017881
0.0488923
0.0747853
0.095312
0.110443
0.120367
0.125463
0.126232
0.123243
0.117075
0.108277
0.142182
0.0928623
0.0458242
0.00171501
0.0387698
0.0749248
0.106106
0.131807
0.151739
0.165873
0.174446
0.17791
0.17686
0.171952
0.163838
0.153125
0.0919547
0.041935
0.00581817
0.0506114
0.0916825
0.128245
0.159566
0.185064
0.204407
0.217571
0.224837
0.226739
0.223962
0.21725
0.207325
0.194843
0.0454604
0.00505216
0.0533201
0.0986124
0.140109
0.176951
0.208327
0.233584
0.252348
0.264596
0.270658
0.271142
0.266817
0.258504
0.246986
0.23296
0.00312939
0.0475998
0.0961009
0.141618
0.183289
0.220203
0.251486
0.276428
0.294623
0.306049
0.311075
0.310369
0.304767
0.295147
0.282336
0.267063
0.0347066
0.0853165
0.133702
0.179096
0.220615
0.257321
0.288304
0.312826
0.330462
0.341196
0.345414
0.34382
0.33729
0.326733
0.313
0.296836
0.0678482
0.117971
0.165856
0.210736
0.251731
0.287904
0.318347
0.342326
0.359416
0.369604
0.373279
0.371147
0.364085
0.353004
0.338759
0.322095
0.0962464
0.145514
0.192512
0.236488
0.276587
0.311904
0.341569
0.364881
0.38144
0.391231
0.394628
0.392307
0.385111
0.373922
0.359576
0.342805
0.120003
0.16808
0.213843
0.256568
0.295446
0.329627
0.358311
0.380854
0.396895
0.40642
0.409771
0.407568
0.400591
0.389668
0.375595
0.359077
0.139352
0.185962
0.230209
0.271411
0.308819
0.34166
0.369217
0.390923
0.40646
0.415819
0.419299
0.417448
0.410966
0.400611
0.387119
0.371157
0.154627
0.199564
0.242096
0.281592
0.317373
0.348751
0.375102
0.395937
0.410986
0.420243
0.423962
0.422616
0.416818
0.407243
0.394559
0.379389
0.166224
0.209357
0.250056
0.287749
0.32183
0.351697
0.376818
0.39678
0.411358
0.420548
0.424561
0.423801
0.418791
0.410123
0.398395
0.384174
0.174565
0.21583
0.254652
0.290516
0.322892
0.35126
0.375171
0.39428
0.408404
0.417539
0.421861
0.421708
0.417523
0.409818
0.399121
0.385943
0.180066
0.219456
0.256413
0.290481
0.321195
0.348115
0.370863
0.389156
0.402843
0.411922
0.41654
0.416974
0.413603
0.406862
0.397215
0.385116
1.12465
1.05435
0.985809
0.919618
0.856388
0.796695
0.741053
0.689874
0.64343
0.601839
0.565062
0.532919
0.505121
0.481314
0.461104
0.444096
1.03939
0.968582
0.89959
0.833061
0.769657
0.710026
0.654744
0.604274
0.558918
0.518785
0.483798
0.453715
0.428174
0.406738
0.388948
0.374348
0.957043
0.885736
0.81628
0.749373
0.685746
0.62612
0.571145
0.521347
0.477055
0.438377
0.405192
0.377184
0.353908
0.334843
0.319453
0.307225
0.878159
0.806404
0.736519
0.669251
0.605397
0.545755
0.491059
0.441902
0.398652
0.361409
0.330005
0.304046
0.282994
0.266239
0.253172
0.24322
0.803267
0.731183
0.660974
0.593432
0.529411
0.46979
0.415386
0.366862
0.324626
0.288774
0.259087
0.235089
0.216149
0.20157
0.190672
0.182833
0.732873
0.660652
0.590305
0.522656
0.458613
0.399121
0.345074
0.297202
0.255953
0.221415
0.193322
0.171122
0.154096
0.141472
0.132506
0.126537
0.667414
0.595318
0.525098
0.457598
0.393765
0.334592
0.281031
0.233865
0.193571
0.160235
0.133548
0.112897
0.0974962
0.0865137
0.0791618
0.0747499
0.607227
0.535575
0.465813
0.398793
0.335477
0.276883
0.223994
0.177619
0.13825
0.105966
0.0804377
0.0610147
0.0468707
0.0371423
0.0310165
0.0277873
0.552512
0.481654
0.412718
0.346549
0.284103
0.226393
0.174396
0.128916
0.0904392
0.0590407
0.0343871
0.0158242
0.00252252
0.00638399
0.0117103
0.0141642
0.503312
0.4336
0.365857
0.300911
0.239688
0.183167
0.132281
0.0877986
0.0501811
0.0195005
0.00456317
0.0226345
0.0355089
0.0440264
0.0489808
0.0510676
0.459518
0.391271
0.325053
0.261658
0.201966
0.146892
0.0973025
0.0539012
0.0171104
0.0130025
0.0367253
0.0546289
0.067447
0.075966
0.0809389
0.0830357
0.420886
0.354364
0.289934
0.228346
0.170414
0.116976
0.0688086
0.0265403
0.00945671
0.0391191
0.0626932
0.0806805
0.0937355
0.102573
0.107888
0.110313
0.387068
0.322462
0.260004
0.200389
0.144358
0.0926605
0.0459791
0.00485872
0.0303771
0.0596689
0.0832217
0.101462
0.114957
0.124341
0.13024
0.133241
0.35765
0.295077
0.234694
0.177134
0.123063
0.0731388
0.0279504
0.0120354
0.0465422
0.0755141
0.0991165
0.117705
0.13176
0.14183
0.148476
0.152224
0.33219
0.271702
0.213426
0.157934
0.105813
0.0576356
0.013906
0.0249807
0.0587897
0.0874687
0.111148
0.13012
0.144784
0.155612
0.16309
0.167692
0.31025
0.251843
0.195651
0.142182
0.0919547
0.0454604
0.00312939
0.0347066
0.0678482
0.0962464
0.120003
0.139352
0.154627
0.166224
0.174565
0.180066
1.12465
1.07874
1.03409
0.99119
0.950564
0.912709
0.878076
0.847026
0.819795
0.79648
0.777034
0.76128
0.74895
0.739714
0.733217
0.729109
1.03939
0.991772
0.945523
0.901194
0.859365
0.820613
0.785454
0.754307
0.727438
0.704939
0.686726
0.672558
0.662092
0.654916
0.650601
0.648732
0.957043
0.907775
0.859958
0.814203
0.771165
0.731499
0.695801
0.664553
0.638057
0.6164
0.599456
0.586912
0.578337
0.573231
0.571087
0.571428
0.878159
0.827339
0.778037
0.730921
0.686713
0.646154
0.609927
0.578586
0.552472
0.531667
0.515997
0.505071
0.498362
0.495278
0.495235
0.49769
0.803267
0.751067
0.700435
0.652089
0.606819
0.565446
0.528743
0.497337
0.47161
0.451641
0.437205
0.427829
0.422889
0.421703
0.423613
0.428021
0.732873
0.679537
0.627812
0.578453
0.53231
0.490276
0.453202
0.421785
0.396448
0.377267
0.363966
0.355994
0.352639
0.35314
0.356771
0.362889
0.667414
0.613258
0.560756
0.510691
0.463953
0.421488
0.384211
0.352873
0.327928
0.309446
0.297114
0.290315
0.288268
0.29015
0.295186
0.3027
0.607227
0.552624
0.499728
0.449334
0.402355
0.359763
0.322506
0.291366
0.266811
0.248907
0.237315
0.231384
0.230288
0.23317
0.239225
0.247759
0.552512
0.497865
0.444995
0.394692
0.347869
0.305495
0.268517
0.23771
0.213541
0.19607
0.184955
0.179538
0.178988
0.182443
0.189092
0.198235
0.503312
0.449027
0.396599
0.346806
0.300534
0.258723
0.222278
0.191938
0.168149
0.150966
0.14006
0.134801
0.134391
0.13799
0.144806
0.154147
0.459518
0.405965
0.354359
0.305449
0.260078
0.219127
0.183432
0.153674
0.130256
0.113232
0.102302
0.0968894
0.0962552
0.099611
0.106202
0.115359
0.420886
0.368373
0.317899
0.270173
0.225972
0.186103
0.151317
0.12222
0.099164
0.0821994
0.0710682
0.0652604
0.0641151
0.0669128
0.0729542
0.0816038
0.387068
0.335835
0.28672
0.240383
0.197531
0.158883
0.125099
0.0967021
0.0739974
0.05703
0.0455828
0.0392197
0.037365
0.0393786
0.0446254
0.0525135
0.35765
0.307857
0.260247
0.21542
0.174009
0.136647
0.1039
0.0762134
0.0538468
0.0368413
0.0250188
0.0180127
0.0153332
0.0164216
0.0207097
0.0276592
0.33219
0.283933
0.237897
0.194627
0.154681
0.118607
0.086887
0.059897
0.0378549
0.020798
0.00858262
0.000905089
0.00264646
0.0025538
0.000684868
0.00658348
0.31025
0.263561
0.219114
0.17739
0.138882
0.104058
0.073328
0.0470054
0.0252731
0.0081648
0.00443471
0.0127728
0.017196
0.018112
0.0159575
0.0111632
0.444096
0.408699
0.375226
0.344126
0.315865
0.290883
0.269566
0.252205
0.238964
0.229861
0.224765
0.22342
0.225471
0.230508
0.238094
0.247801
0.374348
0.337009
0.301657
0.268802
0.238974
0.212693
0.190414
0.172489
0.159111
0.150299
0.14589
0.145567
0.148904
0.155412
0.164587
0.175941
0.307225
0.267993
0.230792
0.196192
0.164796
0.137206
0.113959
0.0954715
0.0819779
0.073494
0.0698194
0.0705674
0.0752307
0.0832363
0.0940048
0.10699
0.24322
0.202201
0.163239
0.126961
0.0940429
0.0651719
0.0409749
0.0219436
0.00835327
0.000219584
0.00270199
0.000873348
0.00510685
0.0145779
0.0268875
0.0414299
0.182833
0.140198
0.0996352
0.0618179
0.0274918
0.00257221
0.0276572
0.0471938
0.0608624
0.0686483
0.070842
0.0679849
0.0607671
0.0499351
0.036212
0.0202538
0.126537
0.0825382
0.0406142
0.00148093
0.0340563
0.0651524
0.0910089
0.110984
0.124714
0.132184
0.133733
0.129975
0.121684
0.109683
0.0947562
0.0776024
0.0747499
0.0297037
0.0132592
0.0533958
0.0898577
0.121744
0.148192
0.168503
0.182278
0.189504
0.190556
0.186108
0.177
0.164113
0.148276
0.130217
0.0277873
0.0179283
0.0615418
0.102296
0.139319
0.171682
0.198485
0.218998
0.232803
0.239891
0.240654
0.235801
0.226211
0.212796
0.196411
0.177799
0.0141642
0.0601403
0.103979
0.144923
0.1821
0.214582
0.24147
0.262032
0.275855
0.282929
0.283647
0.278722
0.269032
0.255493
0.23896
0.220179
0.0510676
0.096896
0.140535
0.181242
0.218167
0.250412
0.277114
0.297577
0.311406
0.318592
0.319512
0.314847
0.305441
0.292181
0.275903
0.257339
0.0830357
0.128341
0.171395
0.211481
0.247795
0.279491
0.305776
0.32601
0.339834
0.347242
0.348576
0.34446
0.335677
0.323059
0.3074
0.289409
0.110313
0.154779
0.19693
0.236088
0.271509
0.302422
0.328115
0.348023
0.361834
0.369541
0.371444
0.368096
0.360199
0.348512
0.333771
0.316648
0.133241
0.176625
0.217637
0.25565
0.289987
0.319963
0.344956
0.364481
0.378271
0.386319
0.388884
0.386441
0.379603
0.369047
0.355443
0.339415
0.152224
0.194358
0.234078
0.270815
0.303964
0.332925
0.357168
0.376281
0.390042
0.398447
0.40171
0.400235
0.394546
0.385237
0.372907
0.358123
0.167692
0.208474
0.246824
0.282227
0.314151
0.342081
0.365566
0.384264
0.39799
0.406743
0.410699
0.410196
0.405679
0.397661
0.386668
0.373214
0.180066
0.219456
0.256413
0.290481
0.321195
0.348115
0.370863
0.389156
0.402843
0.411922
0.41654
0.416974
0.413603
0.406862
0.397215
0.385116
)
;
    }
}


// ************************************************************************* //
